(8,8)
8 4 2 1 0 0 0 0 
3 2 2 0 0 0 0 0 
1 1 0 0 0 0 0 0 
0 0 0 0 0 0 0 0 
0 0 0 0 0 0 0 0 
0 0 0 0 0 0 0 0 
0 0 0 0 0 0 0 0 
0 0 0 0 0 0 0 0 
(0, 0)
[1089.703369140625 1038.6275634765625 1042.905517578125 1079.9384765625 1594.5615234375 1189.296875 1157.9542236328125 1237.260986328125 1255.7401123046875 1130.3807373046875 1146.3779296875 1165.975341796875 1184.8883056640625 1326.4095458984375 1144.4102783203125 1437.231201171875 953.6614379882812 962.0679931640625 1020.3688354492188 1055.023193359375 1019.8330078125 1010.92041015625 1034.6832275390625 1085.920166015625 988.962158203125 974.6278076171875 1038.9007568359375 1057.268798828125 897.9954833984375 1001.7813110351562 1012.0541381835938 1104.070556640625 1008.3387451171875 1012.7086791992188 1015.5338134765625 1029.30712890625 1097.300537109375 1045.5443115234375 1063.4798583984375 1067.5267333984375 1061.8104248046875 1088.4398193359375 1064.464599609375 1120.8614501953125 1011.7944946289062 1076.398193359375 1047.3253173828125 1118.23388671875 980.4713745117188 986.6904907226562 1011.017822265625 1022.5133056640625 958.0938720703125 977.2198486328125 1009.044189453125 1017.07470703125 978.5299072265625 1006.1068725585938 1000.6339111328125 1032.1578369140625 769.9428100585938 958.2628784179688 928.3529052734375 990.5316772460938 877.9784545898438 984.3905639648438 958.51025390625 1020.7798461914062 1033.019287109375 1057.7208251953125 1028.7957763671875 1090.5831298828125 1017.3125 1086.538330078125 1054.93701171875 1183.07080078125 966.1484375 1118.81787109375 1052.6597900390625 1217.431640625 532.4559936523438 878.90478515625 901.1591796875 988.1792602539062 814.9498291015625 943.57958984375 964.0264892578125 1032.873779296875 808.45947265625 941.9083862304688 949.71826171875 1043.0445556640625 324.22161865234375 901.660888671875 914.6997680664062 1057.7677001953125 910.7051391601562 986.732421875 957.5924682617188 977.1656494140625 1010.4453735351562 1026.6788330078125 1016.57470703125 1021.04833984375 1002.926513671875 1073.9976806640625 1020.8186645507812 1063.4593505859375 988.77685546875 1099.4354248046875 1036.9058837890625 1106.299072265625 895.9317626953125 958.7368774414062 952.5634155273438 960.4933471679688 943.3098754882812 986.183837890625 997.9008178710938 989.7584228515625 935.7838745117188 1013.471923828125 958.2962646484375 1007.3145141601562 842.9293823242188 993.3856201171875 947.8963012695312 1001.7086791992188 1005.5027465820312 1014.408935546875 1028.46435546875 1137.921142578125 1156.2322998046875 1162.8319091796875 1184.0179443359375 1819.400146484375 1062.885498046875 1031.7305908203125 1030.474609375 1082.0537109375 1096.6260986328125 1114.337646484375 1080.475830078125 1230.9625244140625 1001.6141357421875 976.0200805664062 1035.588623046875 1064.9298095703125 1017.1079711914062 1023.5963134765625 1069.8026123046875 1169.6937255859375 989.206298828125 946.7290649414062 993.0599365234375 1013.7745971679688 946.6839599609375 973.0579223632812 971.09228515625 1057.8421630859375 991.5120849609375 990.5026245117188 967.6925048828125 1007.8018188476562 1028.4876708984375 1013.0987548828125 1025.9239501953125 1098.7156982421875 1028.6763916015625 1037.5164794921875 986.8681640625 1026.6654052734375 1018.8410034179688 1020.677978515625 992.638916015625 1039.8795166015625 981.8578491210938 955.0679931640625 992.6119384765625 986.80908203125 969.142333984375 978.7887573242188 998.1163940429688 1008.6262817382812 994.8422241210938 982.3028564453125 955.751953125 981.4869384765625 919.0533447265625 969.5238647460938 827.052490234375 952.7299194335938 675.5636596679688 932.863525390625 911.3989868164062 1003.536376953125 961.6664428710938 1000.94873046875 1025.974365234375 1124.2169189453125 951.1976928710938 999.8988037109375 969.6063842773438 1041.3592529296875 985.27197265625 1035.0516357421875 1015.7225952148438 1108.3597412109375 843.1432495117188 923.1002807617188 935.6949462890625 1001.3262939453125 905.2328491210938 941.97021484375 986.3780517578125 1038.6671142578125 904.5789794921875 948.5933837890625 915.2022094726562 1001.55126953125 833.8817749023438 925.7720336914062 928.0089721679688 1019.3192138671875 933.0498046875 990.4867553710938 866.7250366210938 951.43896484375 999.6649780273438 1001.3489990234375 969.490478515625 996.5880126953125 1010.8103637695312 1045.37890625 956.4715576171875 1000.4366455078125 1005.9788818359375 1019.2147827148438 975.144775390625 1030.33984375 936.7100219726562 972.8629760742188 930.5092163085938 962.6137084960938 964.0775146484375 992.4710083007812 977.3321533203125 976.1781005859375 979.6746215820312 1011.3518676757812 942.114013671875 987.0422973632812 929.0093994140625 992.13671875 892.8753051757812 973.8245849609375 ]
(0, 1)
[147.193359375 1.0609614849090576 -229.50479125976562 143.2230987548828 390.123046875 224.00636291503906 196.10366821289062 321.26123046875 51.146820068359375 -58.66169357299805 25.660228729248047 167.03192138671875 109.93582916259766 187.4006805419922 271.7870788574219 564.1047973632812 ]
(0, 2)
[-5.742815017700195 141.94969177246094 -97.52787780761719 38.37232971191406 ]
(0, 3)
[49.253578186035156 -8.407410621643066 ]
(1, 0)
[-10.686790466308594 70.8207015991211 167.04531860351562 332.5888366699219 -327.3321533203125 -69.1800765991211 19.344860076904297 -154.8116455078125 ]
(1, 1)
[-90.73257446289062 30.206979751586914 121.57596588134766 -7.346027851104736 ]
(1, 2)
[88.26276397705078 -4.319722652435303 25.314132690429688 -60.125545501708984 ]
(2, 0)
[-14.850521087646484 69.5845718383789 ]
(2, 1)
[-10.644755363464355 42.08544921875 ]
