(8,8)
8 8 5 3 3 2 0 0 
6 5 3 3 2 1 0 0 
3 3 3 2 2 1 0 0 
2 2 2 2 1 0 0 0 
1 1 1 1 0 0 0 0 
0 0 0 0 0 0 0 0 
0 0 0 0 0 0 0 0 
0 0 0 0 0 0 0 0 
(0, 0)
[1055.685546875 1097.891357421875 1054.9149169921875 1071.845458984375 1028.18505859375 1109.608642578125 1040.6922607421875 1084.5546875 1137.741943359375 1090.5592041015625 1181.03515625 1130.828857421875 1124.7052001953125 1156.66064453125 1120.036865234375 1268.4383544921875 1158.72998046875 1171.786865234375 1078.515625 1092.6507568359375 1084.2235107421875 1224.114013671875 1079.217529296875 1101.77587890625 1113.613525390625 1095.5115966796875 1085.6478271484375 1055.4293212890625 1090.092529296875 1113.26953125 1070.09716796875 1034.131103515625 1018.4225463867188 1030.1837158203125 1122.2978515625 1067.5999755859375 1015.6719360351562 1051.9737548828125 1061.5343017578125 1037.416748046875 1107.90185546875 1039.8013916015625 1596.4229736328125 1119.625244140625 1065.9805908203125 1040.534423828125 1147.0634765625 1008.1400146484375 1015.5198364257812 1085.1512451171875 1010.1444702148438 1028.614990234375 1018.9441528320312 1082.370849609375 1004.4095458984375 948.9700317382812 1000.35546875 1011.1038208007812 1051.5750732421875 915.640380859375 974.6995239257812 943.6058349609375 936.409912109375 338.21661376953125 1205.07421875 1107.9820556640625 1149.87841796875 1078.15869140625 1090.05810546875 1113.7210693359375 1056.596923828125 1066.18115234375 1114.4139404296875 998.7923583984375 1156.049072265625 1070.750244140625 1099.565185546875 1094.3404541015625 1072.0438232421875 1106.2913818359375 1814.411376953125 1189.67431640625 1193.3253173828125 1057.1363525390625 1184.6658935546875 1137.7568359375 1079.1278076171875 1031.7657470703125 1170.2415771484375 1030.6326904296875 1106.109130859375 1015.2965087890625 1093.72412109375 1077.3162841796875 1040.377197265625 1018.451904296875 1081.393310546875 1010.5889892578125 1134.902587890625 1042.6617431640625 1058.305908203125 1080.5594482421875 1049.7015380859375 1047.756591796875 1125.99951171875 1034.429931640625 1441.441162109375 1090.1461181640625 1085.476318359375 1089.428955078125 1122.6380615234375 1065.9005126953125 1118.3104248046875 1056.31982421875 1024.9481201171875 973.5924072265625 1065.035400390625 1088.8536376953125 994.0822143554688 943.5404052734375 1023.03369140625 973.2083129882812 1045.3155517578125 932.7100219726562 1011.9389038085938 1020.61376953125 986.488037109375 890.236328125 1014.60693359375 1032.0701904296875 1012.2868041992188 1010.4259643554688 1019.36328125 1062.865966796875 989.5667114257812 1038.415771484375 1095.1817626953125 986.1907348632812 1135.7059326171875 1039.6728515625 1104.3927001953125 1091.430419921875 1081.851806640625 1106.3607177734375 1037.4927978515625 1098.37841796875 1020.8219604492188 1040.490234375 1035.0916748046875 1122.8798828125 1035.5894775390625 1088.8448486328125 1059.4149169921875 1032.7508544921875 1072.535888671875 1014.5728759765625 1034.4183349609375 1065.4072265625 1048.1053466796875 1058.775634765625 1024.0244140625 971.322265625 1086.7015380859375 1009.1303100585938 1018.3593139648438 1013.162109375 1038.013671875 1027.28515625 1101.3912353515625 1024.0706787109375 1338.8043212890625 1051.5369873046875 1054.6866455078125 1055.1910400390625 1104.61865234375 1035.244140625 981.8372802734375 1052.5223388671875 991.9344482421875 998.8126220703125 995.1254272460938 1054.42431640625 999.51513671875 1017.5087280273438 980.2540283203125 1003.0928955078125 1028.0672607421875 898.8098754882812 841.2525024414062 984.3553466796875 971.5325927734375 906.0360717773438 1084.143798828125 994.1177978515625 1084.031494140625 1031.4852294921875 1076.7740478515625 1092.3013916015625 1018.8987426757812 1043.27294921875 1039.27392578125 551.620849609375 1119.4405517578125 977.39453125 1111.919677734375 1038.8079833984375 1076.666748046875 1082.1246337890625 1167.2117919921875 1104.3836669921875 1092.23828125 1035.3570556640625 1103.0133056640625 1193.3182373046875 1047.8040771484375 1061.664306640625 1055.2781982421875 940.393798828125 1085.27392578125 985.2388305664062 1052.7095947265625 1054.9241943359375 1042.119140625 1051.3839111328125 997.2676391601562 682.16650390625 1062.2030029296875 946.01513671875 1020.0433349609375 990.4437255859375 1008.6698608398438 989.2747192382812 1068.860107421875 907.272216796875 1163.5648193359375 982.3082885742188 1082.201171875 1044.394775390625 1091.416015625 1043.306396484375 1019.1386108398438 982.5147705078125 989.5386962890625 875.4531860351562 1024.0230712890625 1060.8348388671875 961.4857788085938 966.0811767578125 975.3641967773438 918.6353149414062 1001.3296508789062 774.8057861328125 986.29443359375 1015.5379028320312 1002.0918579101562 957.1519775390625 ]
(0, 1)
[386.9639892578125 392.0279235839844 402.0619812011719 399.7617492675781 380.1838073730469 376.9662780761719 397.56695556640625 414.0605163574219 397.2817687988281 403.48675537109375 407.22100830078125 410.40936279296875 378.4248962402344 385.9586181640625 395.3224182128906 401.34765625 426.50921630859375 433.41485595703125 442.6396789550781 449.7364501953125 518.60302734375 442.831298828125 512.05078125 668.49462890625 408.1123352050781 424.7068786621094 410.9349365234375 416.1990966796875 401.5523986816406 408.0576477050781 412.1090087890625 438.8775939941406 368.27294921875 384.8392333984375 396.9189147949219 387.95556640625 347.66253662109375 366.66424560546875 381.0011291503906 380.0819091796875 370.41009521484375 388.49029541015625 393.59307861328125 389.9202575683594 334.8726501464844 367.4426574707031 371.0976257324219 371.47918701171875 366.8578796386719 398.58154296875 407.9270324707031 408.16107177734375 398.00140380859375 403.0857238769531 414.38385009765625 426.799560546875 338.98162841796875 386.3778991699219 382.3421325683594 385.501220703125 322.0426940917969 376.052001953125 380.7236022949219 391.16571044921875 399.53045654296875 402.2613830566406 426.2010498046875 410.12103271484375 370.10992431640625 361.5907897949219 382.70587158203125 369.189208984375 399.68048095703125 416.4720764160156 410.05401611328125 398.76287841796875 369.7835388183594 383.4630126953125 384.1025085449219 370.3687438964844 391.5379333496094 421.1151428222656 471.55535888671875 450.0805969238281 405.33892822265625 390.4541320800781 420.7615966796875 407.2353210449219 372.0309753417969 437.7996520996094 410.74493408203125 415.1263122558594 330.8047180175781 381.1683044433594 384.9492492675781 391.3920593261719 348.64935302734375 390.58184814453125 400.12078857421875 395.0312194824219 329.89581298828125 356.5454406738281 365.0887451171875 358.1488342285156 342.114990234375 391.8348693847656 381.0522766113281 372.9180908203125 297.541259765625 354.19854736328125 346.3819885253906 316.7073059082031 157.2327117919922 373.54925537109375 373.2879333496094 401.9075927734375 304.63824462890625 372.841552734375 367.0306091308594 375.7064208984375 89.10693359375 353.9884033203125 340.0091552734375 372.1054382324219 -62.67336654663086 309.9322204589844 305.4418029785156 344.6586608886719 389.7053527832031 385.9020080566406 389.1860046386719 381.00518798828125 354.87542724609375 341.9521484375 374.816650390625 359.7149963378906 382.040771484375 382.9302062988281 395.90216064453125 396.44964599609375 357.1945495605469 363.3985900878906 378.6903991699219 373.45458984375 416.6181640625 393.35626220703125 409.23162841796875 393.5579833984375 420.66754150390625 381.37237548828125 417.24993896484375 398.94500732421875 400.7318420410156 393.4495849609375 400.7259521484375 398.6125183105469 389.4622802734375 376.4328918457031 396.5850830078125 392.5669250488281 364.52471923828125 384.5251159667969 388.82562255859375 386.6944580078125 266.25555419921875 345.61114501953125 368.2734375 364.47003173828125 344.4023742675781 367.21820068359375 378.5340270996094 378.2975158691406 234.73480224609375 333.1038513183594 353.8869934082031 329.999267578125 388.3673095703125 389.83843994140625 404.2037353515625 393.9566650390625 383.7046203613281 381.1329650878906 405.5954895019531 391.7681884765625 349.5314636230469 371.07659912109375 377.5487365722656 375.4882507324219 347.31170654296875 358.41534423828125 385.2184143066406 370.4253234863281 410.185791015625 398.4470520019531 412.12542724609375 381.26654052734375 368.6611022949219 352.6788330078125 357.8309326171875 279.1262512207031 392.6821594238281 389.7921447753906 396.28057861328125 374.89569091796875 371.11065673828125 362.9283447265625 363.9703674316406 313.7227478027344 418.75946044921875 396.037109375 420.2098693847656 376.9822692871094 405.8326110839844 352.34014892578125 377.436767578125 198.93350219726562 396.38134765625 399.6114501953125 394.8210754394531 383.5719909667969 376.3682556152344 359.9739685058594 371.2830810546875 337.82373046875 376.0361328125 387.9920349121094 395.0801086425781 374.7171325683594 319.1564636230469 336.8946533203125 338.5938720703125 294.0082092285156 356.1810302734375 364.56256103515625 363.79827880859375 325.0911865234375 303.745361328125 296.5843811035156 302.1109313964844 18.791595458984375 367.2289733886719 389.5152587890625 398.5411682128906 389.408935546875 370.6443176269531 363.7060241699219 369.437255859375 330.3275451660156 322.296142578125 357.7684326171875 360.954833984375 359.8260803222656 293.87017822265625 292.7825622558594 338.65838623046875 295.1684265136719 ]
(0, 2)
[196.80995178222656 120.53585815429688 -59.02317810058594 65.12264251708984 224.90225219726562 74.81633758544922 226.4992218017578 221.4171600341797 169.12913513183594 37.28306579589844 189.57020568847656 92.5980224609375 171.06655883789062 176.8395538330078 201.42311096191406 152.55810546875 217.8516845703125 158.69406127929688 249.14889526367188 337.6939697265625 227.16073608398438 244.74815368652344 312.24517822265625 378.31927490234375 -19.546403884887695 5.391287326812744 229.65650939941406 232.33364868164062 -162.91616821289062 173.8610382080078 236.54364013671875 268.7852478027344 ]
(0, 3)
[54.619197845458984 -68.33790588378906 180.33473205566406 117.73550415039062 76.39745330810547 -6.161191463470459 38.256439208984375 15.48797607421875 ]
(0, 4)
[33.37868881225586 56.61344528198242 138.26287841796875 201.33770751953125 -7.650816917419434 98.7337646484375 13.704499244689941 74.88068389892578 ]
(0, 5)
[101.19512939453125 41.802391052246094 15.483956336975098 -4.981984615325928 ]
(1, 0)
[316.2309265136719 220.43310546875 313.540771484375 299.36163330078125 265.4808349609375 154.18116760253906 302.05938720703125 208.76031494140625 196.3087158203125 49.465972900390625 218.56460571289062 235.30636596679688 134.77552795410156 3.4821479320526123 251.3592987060547 215.94544982910156 262.1883239746094 200.42869567871094 314.0489807128906 342.2235107421875 293.0957946777344 179.57916259765625 402.39306640625 301.6167297363281 85.47811889648438 -64.27339935302734 199.9738311767578 227.06495666503906 213.57664489746094 168.90423583984375 276.4186096191406 295.8473205566406 489.23223876953125 281.4057922363281 326.8962707519531 233.52085876464844 323.0821228027344 147.7308807373047 249.20289611816406 -235.29354858398438 288.9875183105469 207.7169952392578 237.42086791992188 261.4424743652344 265.59307861328125 113.32854461669922 283.33868408203125 194.29833984375 327.0790100097656 275.4302673339844 291.6466369628906 326.9191589355469 362.8698425292969 259.4970703125 319.670166015625 255.54629516601562 239.49313354492188 212.73609924316406 247.8721466064453 293.8915100097656 300.14599609375 270.842529296875 324.2868957519531 439.1326599121094 ]
(1, 1)
[253.04339599609375 230.39292907714844 191.56272888183594 346.03668212890625 169.92738342285156 202.32923889160156 121.93441772460938 194.49720764160156 202.47105407714844 277.9986877441406 -114.8603515625 166.01150512695312 216.83229064941406 183.9480438232422 115.91121673583984 160.3557891845703 113.7710952758789 78.02909851074219 139.56057739257812 144.2973175048828 151.2913818359375 138.5049591064453 51.318058013916016 -36.92030715942383 207.86285400390625 173.24130249023438 114.07888793945312 97.80006408691406 166.57679748535156 130.29026794433594 0.44205573201179504 23.67436981201172 ]
(1, 2)
[-1.8890118598937988 21.64276123046875 -96.80658721923828 -32.65205001831055 54.89384841918945 96.41089630126953 182.67576599121094 11.05540657043457 ]
(1, 3)
[-3.7051165103912354 -83.59127807617188 -29.643325805664062 80.7405776977539 12.532696723937988 30.35276222229004 49.9053840637207 145.53541564941406 ]
(1, 4)
[56.17073059082031 17.14710235595703 -40.11831283569336 -2.7427945137023926 ]
(1, 5)
[-3.4667491912841797 26.150548934936523 ]
(2, 0)
[15.893431663513184 85.17393493652344 132.96632385253906 271.36053466796875 -118.5521240234375 -14.709087371826172 186.50169372558594 52.436588287353516 ]
(2, 1)
[53.5405158996582 26.68561553955078 -64.1514663696289 94.72489166259766 -5.518068313598633 12.070331573486328 22.97589874267578 190.1986541748047 ]
(2, 2)
[64.48114776611328 -24.51731300354004 35.87655258178711 -1.5804866552352905 122.69933319091797 9.348750114440918 -72.75358581542969 17.878822326660156 ]
(2, 3)
[-2.5862767696380615 19.269990921020508 -37.87476348876953 63.18846130371094 ]
(2, 4)
[20.03594207763672 -27.935293197631836 64.268310546875 -0.38602957129478455 ]
(2, 5)
[-2.456940174102783 27.48505401611328 ]
(3, 0)
[30.8592472076416 -6.130563259124756 121.42406463623047 -80.11524200439453 ]
(3, 1)
[-3.1770827770233154 21.032318115234375 81.22496795654297 -50.36686325073242 ]
(3, 2)
[-38.69139862060547 59.95211410522461 19.374462127685547 -2.1028478145599365 ]
(3, 3)
[-29.02984046936035 51.85637283325195 16.003746032714844 -0.9694140553474426 ]
(3, 4)
[-2.5339162349700928 27.479148864746094 ]
(4, 0)
[-6.786749839782715 42.20683670043945 ]
(4, 1)
[-6.357651710510254 27.5405216217041 ]
(4, 2)
[-4.718009948730469 26.026809692382812 ]
(4, 3)
[-2.831740379333496 26.169479370117188 ]
