(8,8)
8 7 4 3 2 1 0 0 
5 4 3 2 1 0 0 0 
3 3 2 2 1 0 0 0 
2 2 2 1 0 0 0 0 
0 0 0 0 0 0 0 0 
0 0 0 0 0 0 0 0 
0 0 0 0 0 0 0 0 
0 0 0 0 0 0 0 0 
(0, 0)
[997.5006713867188 986.1844482421875 1034.6583251953125 998.3748779296875 891.8504028320312 974.607421875 985.85498046875 1020.5621337890625 992.843505859375 924.2739868164062 1031.1859130859375 995.05517578125 954.2684936523438 931.9778442382812 1003.9411010742188 1014.02685546875 1084.6229248046875 1058.8707275390625 1229.143798828125 1099.26318359375 1027.0677490234375 1073.7252197265625 1117.85400390625 1201.1846923828125 1070.6705322265625 1021.8787841796875 1115.208984375 1084.352294921875 1011.4628295898438 1020.20849609375 1090.1973876953125 1142.5675048828125 962.0186767578125 878.4873657226562 1019.1875610351562 976.5093994140625 958.8236083984375 966.031982421875 1016.3436279296875 1034.5465087890625 1043.723876953125 941.2877197265625 1054.576171875 981.0782470703125 1046.4454345703125 984.2343139648438 1058.1448974609375 1020.2479248046875 1033.0472412109375 950.1199951171875 1100.4755859375 1039.2735595703125 1019.8685302734375 1036.622802734375 1103.2197265625 1090.18359375 1113.263427734375 1010.9614868164062 1119.2197265625 1068.685546875 1046.498779296875 1029.1239013671875 1088.0267333984375 1073.864501953125 960.3470458984375 925.40087890625 1014.4951171875 973.3612670898438 831.66064453125 916.837646484375 984.543701171875 1004.6187133789062 963.2803344726562 660.0913696289062 1054.441650390625 971.049560546875 933.3585815429688 750.5846557617188 1058.7078857421875 1050.140380859375 1056.0421142578125 1048.6937255859375 1116.33642578125 1081.8375244140625 1033.653564453125 1062.8978271484375 1123.2230224609375 1159.0186767578125 1081.167236328125 999.0718383789062 1178.8863525390625 1136.3477783203125 1046.36865234375 1033.1048583984375 1235.0247802734375 1432.92919921875 870.4869995117188 926.3289794921875 978.343505859375 965.79345703125 942.9360961914062 981.89306640625 992.7474975585938 1018.1837768554688 1035.655029296875 924.800048828125 1049.8594970703125 975.1803588867188 1030.35009765625 971.385986328125 1040.7625732421875 1014.6482543945312 1050.833251953125 1032.793701171875 1058.2373046875 1048.17578125 1035.9693603515625 1075.664794921875 1067.2987060546875 1098.7305908203125 1332.0147705078125 1060.7635498046875 1135.46142578125 1070.3447265625 1089.649169921875 1047.677978515625 1104.7666015625 1107.8497314453125 980.3880004882812 906.980712890625 1012.237060546875 1005.568359375 916.5724487304688 942.3668212890625 1008.280029296875 1027.0321044921875 999.0615234375 940.018310546875 1023.2843627929688 1009.9359741210938 1007.0757446289062 964.910400390625 1050.607177734375 1049.3984375 1061.9415283203125 975.9467163085938 1095.92578125 1036.507568359375 1025.0941162109375 1000.0933837890625 1098.7528076171875 1089.6495361328125 1107.5244140625 1050.6243896484375 1134.713134765625 1127.5411376953125 1085.6402587890625 1059.5555419921875 1205.6446533203125 1276.1480712890625 865.7747802734375 323.3766174316406 1017.6796264648438 929.722900390625 907.1912231445312 856.0883178710938 1015.0252075195312 998.0330200195312 980.7067260742188 791.0271606445312 1051.5364990234375 980.5285034179688 1026.4532470703125 930.1593627929688 1067.8248291015625 1013.1641235351562 942.9390869140625 525.267333984375 1069.8902587890625 966.49755859375 987.5088500976562 927.1387939453125 1069.695556640625 1032.8775634765625 1053.181884765625 930.2561645507812 1155.926513671875 1076.0067138671875 1038.201416015625 994.3890991210938 1111.216064453125 1099.626220703125 997.9669799804688 949.7921752929688 1002.3035278320312 1004.2899169921875 953.8546142578125 936.4064331054688 1036.39404296875 1053.2103271484375 1034.26904296875 920.4927978515625 1083.6256103515625 1037.6253662109375 1034.5255126953125 944.0459594726562 1170.884033203125 1129.3885498046875 1051.4759521484375 1023.3558349609375 1072.5701904296875 1043.9378662109375 1042.2783203125 1027.1463623046875 1184.772705078125 1150.5010986328125 1096.7340087890625 1044.2437744140625 1204.37744140625 1163.919677734375 1166.62353515625 1097.023681640625 1828.6002197265625 1595.52099609375 935.9492797851562 869.0030517578125 1006.315673828125 1007.9921264648438 975.111083984375 967.5654907226562 1026.6630859375 1054.0499267578125 1026.64599609375 925.9807739257812 1062.3961181640625 1012.7407836914062 1040.447998046875 956.0861206054688 1073.4815673828125 1039.2381591796875 999.1766967773438 949.5325927734375 1052.779052734375 1036.656982421875 1015.24560546875 1032.7021484375 1095.2713623046875 1102.527099609375 1104.9713134765625 1015.1002807617188 1144.638427734375 1088.439208984375 1076.9581298828125 1037.9481201171875 1195.345703125 1164.2987060546875 ]
(0, 1)
[398.3213195800781 290.53753662109375 408.5692443847656 375.4371032714844 379.65118408203125 339.57122802734375 372.2197570800781 349.9218444824219 760.9671630859375 372.0808410644531 461.88525390625 390.173828125 458.3441162109375 375.91009521484375 407.792724609375 375.489990234375 317.67864990234375 12.70265007019043 370.7119140625 293.1715087890625 342.0832824707031 271.068359375 331.9729309082031 185.46229553222656 409.81561279296875 311.9743347167969 386.3907775878906 354.4132995605469 405.0545654296875 343.1573791503906 375.76031494140625 332.3251953125 370.8056640625 259.80859375 365.79766845703125 318.627197265625 397.0418701171875 342.0173645019531 349.4375305175781 299.32373046875 419.3016357421875 274.1722106933594 379.64910888671875 300.5127868652344 460.220947265625 374.76953125 398.5097961425781 335.157958984375 361.6266174316406 264.6352844238281 360.72247314453125 255.5987091064453 382.175048828125 308.17169189453125 336.1299133300781 132.22882080078125 394.5820007324219 328.4303283691406 357.8812255859375 318.0805969238281 449.4072265625 362.8166809082031 398.8700866699219 323.8613586425781 356.622802734375 249.44772338867188 414.506103515625 356.4252014160156 361.48846435546875 282.9228515625 388.1952209472656 343.92236328125 415.0941162109375 242.3819580078125 408.416748046875 330.1727294921875 419.4720458984375 362.0243225097656 404.7414855957031 374.1686706542969 355.4694519042969 278.3253479003906 392.63226318359375 353.9178161621094 378.3809509277344 344.3211975097656 390.5074157714844 348.87451171875 373.8063049316406 309.8725891113281 386.4648132324219 365.0333557128906 426.91778564453125 388.2320861816406 423.487548828125 392.0147399902344 315.0304260253906 -88.32422637939453 367.0950927734375 246.99014282226562 380.31292724609375 269.0643615722656 364.10089111328125 218.9015350341797 385.1736755371094 234.1907196044922 360.33636474609375 77.15621948242188 471.1439208984375 368.0727844238281 422.3411865234375 317.8894958496094 361.5119323730469 262.1136169433594 381.40655517578125 294.79095458984375 397.6723937988281 330.5805969238281 394.6507568359375 310.5148010253906 387.97540283203125 304.63427734375 403.41156005859375 318.8647766113281 531.541259765625 392.32672119140625 589.8424072265625 384.1304931640625 ]
(0, 2)
[256.0990295410156 171.7624053955078 418.6176452636719 225.4690399169922 116.38831329345703 258.63232421875 207.1505126953125 310.1949462890625 31.194366455078125 86.68205261230469 211.60086059570312 245.05322265625 137.06732177734375 56.07228469848633 -19.15113067626953 11.324601173400879 ]
(0, 3)
[16.96912384033203 129.8040313720703 53.844669342041016 207.21885681152344 -5.115220069885254 -62.140926361083984 81.94538116455078 38.713096618652344 ]
(0, 4)
[125.6623764038086 12.953733444213867 42.988487243652344 -8.077875137329102 ]
(0, 5)
[-3.757766008377075 30.04281997680664 ]
(1, 0)
[514.7805786132812 297.5038757324219 324.5592956542969 216.06895446777344 372.4243469238281 275.23870849609375 203.12490844726562 127.51461029052734 404.8567199707031 157.15255737304688 253.7458038330078 101.3283462524414 254.38746643066406 114.06282806396484 75.97786712646484 -5.586330890655518 349.6739807128906 238.7070770263672 444.606689453125 248.286865234375 181.56369018554688 171.11021423339844 197.04917907714844 234.46961975097656 215.71827697753906 -84.06088256835938 232.1407012939453 36.969688415527344 136.55770874023438 -248.28907775878906 151.32125854492188 56.568031311035156 ]
(1, 1)
[208.92481994628906 97.16120147705078 25.057435989379883 -6.549805641174316 327.0019226074219 189.1468048095703 173.90655517578125 50.89229965209961 76.45182037353516 113.3333740234375 98.56928253173828 -84.09446716308594 235.63059997558594 159.96429443359375 130.72164916992188 106.24368286132812 ]
(1, 2)
[-5.394305229187012 10.9661865234375 -37.7473258972168 50.35357666015625 85.8958740234375 29.85604476928711 161.0709228515625 -105.97372436523438 ]
(1, 3)
[-2.7405436038970947 62.042266845703125 18.921546936035156 -45.022186279296875 ]
(1, 4)
[27.973512649536133 -5.242807865142822 ]
(2, 0)
[240.53334045410156 24.162826538085938 -163.8817138671875 48.73753356933594 -55.96159744262695 -4.880075931549072 81.8396224975586 135.55638122558594 ]
(2, 1)
[11.892837524414062 -31.329736709594727 25.39830207824707 -92.84535217285156 191.77496337890625 96.96414947509766 53.09270477294922 -2.316704273223877 ]
(2, 2)
[-3.7017393112182617 24.361108779907227 -49.08049774169922 74.79693603515625 ]
(2, 3)
[-38.481388092041016 18.63467025756836 -2.356428384780884 64.9974136352539 ]
(2, 4)
[-4.262688159942627 26.034624099731445 ]
(3, 0)
[136.88525390625 -4.795543193817139 31.756196975708008 -80.92147064208984 ]
(3, 1)
[-47.573272705078125 -2.851778745651245 23.804157257080078 82.11314392089844 ]
(3, 2)
[-39.824241638183594 65.55596160888672 -2.964358329772949 19.035747528076172 ]
(3, 3)
[25.508012771606445 -4.613898277282715 ]
