(8,8)
8 8 5 3 2 1 0 0 
5 5 3 2 1 0 0 0 
3 3 2 2 1 0 0 0 
1 1 1 1 0 0 0 0 
0 0 0 0 0 0 0 0 
0 0 0 0 0 0 0 0 
0 0 0 0 0 0 0 0 
0 0 0 0 0 0 0 0 
(0, 0)
[1050.8768310546875 1113.4501953125 1083.07958984375 1408.72509765625 1038.5150146484375 1051.835693359375 1037.5015869140625 1083.7188720703125 1043.2760009765625 1134.312744140625 1048.53662109375 1251.223876953125 1016.4857788085938 1038.733154296875 998.9026489257812 1038.011962890625 1029.002685546875 1051.706298828125 1037.7098388671875 1089.779052734375 1026.784423828125 1034.5335693359375 1043.3359375 1046.56640625 1013.5516357421875 1041.6822509765625 1009.36572265625 1055.3260498046875 1003.7938842773438 1016.5195922851562 999.5107421875 1015.4288940429688 1015.1067504882812 1032.8544921875 1008.9545288085938 1051.8829345703125 1007.0900268554688 1017.5490112304688 990.6058349609375 1013.4307250976562 1005.6307373046875 1033.3023681640625 985.1658325195312 1035.9993896484375 984.3631591796875 1006.5231323242188 907.636474609375 987.8939208984375 1003.2484130859375 1016.4783935546875 997.426025390625 1018.362548828125 1000.58984375 1011.3867797851562 998.3942260742188 1011.2325439453125 986.9176025390625 1007.0026245117188 963.1386108398438 1001.3626708984375 967.5888671875 996.28173828125 945.8139038085938 987.426513671875 1039.466064453125 1071.486083984375 1034.249755859375 1065.3447265625 1059.595703125 1038.287109375 1041.4464111328125 1024.958740234375 1020.174560546875 1042.038330078125 1005.9144897460938 1033.6385498046875 1008.0772094726562 1005.8363647460938 981.6300659179688 958.0939331054688 1040.619140625 1053.8702392578125 1047.649169921875 1044.451904296875 1055.072265625 1040.9359130859375 1120.922119140625 1049.71728515625 1010.738037109375 1024.552978515625 1003.800048828125 1014.703857421875 1009.5211791992188 1008.3077392578125 1008.9058227539062 995.9523315429688 1007.9269409179688 1001.8739013671875 981.0723266601562 932.7357177734375 1010.8712158203125 1008.3729858398438 989.6492919921875 980.87109375 995.7225341796875 1002.9758911132812 967.493896484375 974.410888671875 982.731201171875 990.70849609375 933.6818237304688 958.5472412109375 1015.4880981445312 1013.971435546875 1000.633056640625 992.0370483398438 1016.645263671875 1019.0878295898438 1018.2107543945312 1007.8800048828125 993.1873168945312 999.2186889648438 959.9777221679688 982.1412963867188 982.4519653320312 991.587158203125 933.88330078125 974.0094604492188 1044.006591796875 1066.3468017578125 1033.1488037109375 1065.4903564453125 1048.431640625 1034.9986572265625 1038.33935546875 1022.5142211914062 1041.142822265625 1173.62353515625 1009.7670288085938 1053.468994140625 1013.5006103515625 1024.4320068359375 985.1598510742188 964.0316772460938 1036.8287353515625 1045.85693359375 1041.466064453125 1040.16357421875 1050.647216796875 1034.4471435546875 1117.96923828125 1045.8040771484375 1012.5978393554688 1037.9637451171875 991.0778198242188 1015.0816040039062 1010.0993041992188 1009.936767578125 1010.8663330078125 997.0205688476562 1003.5418090820312 996.9732055664062 973.6048583984375 927.180908203125 1005.36962890625 1000.9078979492188 984.4144287109375 974.371826171875 996.3199462890625 1018.1541748046875 955.140625 974.6340942382812 983.52197265625 992.0284423828125 935.1227416992188 958.340576171875 1001.0728149414062 1002.7221069335938 979.5718383789062 980.7874145507812 1009.8287963867188 1007.2833251953125 1013.4302978515625 1000.0721435546875 973.4612426757812 993.3700561523438 854.0155639648438 965.331787109375 981.5250244140625 987.2852172851562 954.4447021484375 972.900634765625 1035.8438720703125 1026.091064453125 1017.4365234375 941.7122192382812 1050.74169921875 1017.3094482421875 1091.8629150390625 968.935302734375 1012.3192749023438 1021.5721435546875 979.4492797851562 943.3319702148438 994.1627807617188 957.941162109375 936.2146606445312 652.52783203125 1083.966552734375 1100.3253173828125 1120.624755859375 1036.2872314453125 1137.007568359375 1058.5157470703125 1693.9180908203125 1108.159912109375 1019.4129638671875 1021.7119140625 1012.9510498046875 993.5742797851562 1025.6102294921875 1000.0585327148438 1074.8221435546875 966.8822021484375 987.2896118164062 921.9781494140625 905.3318481445312 414.8006896972656 1001.7748413085938 979.8771362304688 966.1488037109375 894.03369140625 979.5620727539062 971.5488891601562 920.4406127929688 876.1412963867188 958.3189086914062 962.7805786132812 785.09814453125 877.5553588867188 1016.3092041015625 998.8372192382812 998.930908203125 920.9382934570312 1035.3870849609375 1011.8998413085938 1089.4439697265625 1000.2077026367188 986.6696166992188 985.1847534179688 952.1271362304688 951.51123046875 985.8416748046875 978.17578125 960.2810668945312 953.3812255859375 ]
(0, 1)
[328.8062744140625 209.45838928222656 125.31005859375 286.0335388183594 374.4075012207031 353.2385559082031 341.77813720703125 345.19976806640625 377.036376953125 347.20855712890625 335.5934143066406 304.5221252441406 386.11419677734375 373.3721008300781 370.9078063964844 361.0863037109375 385.478759765625 362.3660583496094 349.9530334472656 359.79998779296875 393.7479553222656 379.90325927734375 377.8964538574219 364.5249938964844 403.6603088378906 385.8555908203125 383.27850341796875 371.8517150878906 402.0447692871094 390.51593017578125 390.22149658203125 378.9739685058594 371.0774841308594 346.5074462890625 334.97412109375 326.6307067871094 382.4523010253906 367.2798767089844 365.7569885253906 341.95782470703125 384.15362548828125 368.2723388671875 365.74456787109375 343.37176513671875 387.1103210449219 376.369140625 372.5743103027344 365.20855712890625 390.0782470703125 374.6772766113281 372.97479248046875 355.7189636230469 391.1473388671875 371.77783203125 372.60137939453125 321.97967529296875 399.359375 386.9627685546875 386.9403381347656 372.3852233886719 400.0991516113281 387.7550964355469 388.01361083984375 369.39373779296875 396.5733337402344 369.2069091796875 357.2294006347656 369.3276672363281 398.9615783691406 386.9884338378906 385.58367919921875 380.825439453125 420.59210205078125 392.3095397949219 390.5558166503906 378.3964538574219 407.1263122558594 393.99688720703125 394.8863220214844 386.427734375 420.70050048828125 399.6266784667969 396.88677978515625 391.26129150390625 416.29229736328125 401.6092224121094 401.1876220703125 391.5949401855469 450.1673278808594 412.721923828125 412.61981201171875 399.3861389160156 436.35760498046875 408.3243713378906 411.0851135253906 399.1687927246094 397.0849304199219 384.8565673828125 382.3504333496094 375.7698669433594 400.2027587890625 389.8896789550781 390.0694885253906 379.44293212890625 405.6107177734375 392.78466796875 392.5560302734375 381.712158203125 403.6687316894531 392.7806091308594 395.30133056640625 384.1644592285156 409.6597595214844 397.6643981933594 397.0325622558594 386.9319152832031 407.9479675292969 396.2483215332031 396.9209899902344 379.75299072265625 420.87158203125 406.1697998046875 406.3082275390625 395.94122314453125 424.15057373046875 405.352783203125 406.59979248046875 394.7614440917969 390.9849548339844 359.70379638671875 346.96820068359375 348.1391906738281 391.3672180175781 375.06549072265625 372.2471618652344 355.2909240722656 412.5653991699219 380.48028564453125 376.91400146484375 350.7821350097656 397.0593566894531 382.2327575683594 379.3403015136719 359.5157775878906 412.1502685546875 386.4654846191406 382.7012023925781 364.1822814941406 399.3902893066406 377.47576904296875 376.53875732421875 325.9674987792969 440.17169189453125 400.97406005859375 398.7032775878906 378.3827819824219 409.94256591796875 392.4198913574219 390.7561340332031 369.6470031738281 389.46197509765625 368.86090087890625 366.90032958984375 333.6551818847656 387.7261047363281 366.4472961425781 366.5346374511719 311.7240905761719 394.8824157714844 369.05963134765625 368.6341857910156 268.33160400390625 392.55926513671875 377.1709289550781 376.2271728515625 345.94183349609375 397.3996276855469 373.2740478515625 373.1225891113281 317.96044921875 385.53143310546875 333.0061340332031 333.68798828125 11.248497009277344 409.2768249511719 387.94915771484375 387.7331237792969 355.26416015625 401.6986999511719 378.9686584472656 378.7882995605469 324.3802795410156 466.8124084472656 402.9347839355469 400.5481872558594 386.1141052246094 414.6037292480469 396.63226318359375 396.8696594238281 384.22021484375 533.490966796875 419.7335205078125 419.2262268066406 391.3716125488281 427.98712158203125 402.4171447753906 402.41796875 388.27032470703125 510.8171691894531 418.090087890625 416.8142395019531 395.446533203125 426.078857421875 403.0768127441406 403.2111511230469 382.45953369140625 679.4344482421875 444.691162109375 443.6504211425781 406.71746826171875 454.5404357910156 414.5758972167969 414.42364501953125 396.6666259765625 414.3620300292969 395.0145263671875 394.9840393066406 378.79644775390625 404.4032897949219 391.2754211425781 391.9547119140625 372.0032653808594 428.25775146484375 399.7983093261719 400.2171630859375 375.7003479003906 412.0888977050781 396.6667785644531 397.330322265625 381.7431335449219 424.9960632324219 401.3265686035156 401.1722412109375 378.7896728515625 411.7887878417969 388.6732482910156 389.0854187011719 337.2813415527344 456.04864501953125 413.7964172363281 413.61810302734375 392.8046569824219 445.2682189941406 405.9156188964844 406.16595458984375 383.115234375 ]
(0, 2)
[212.27459716796875 290.3717956542969 280.24609375 390.2420959472656 84.48542785644531 167.22933959960938 164.00682067871094 213.6318817138672 182.15875244140625 257.0999450683594 236.33981323242188 382.61419677734375 114.26447296142578 171.75436401367188 138.55938720703125 167.43548583984375 178.06619262695312 204.12060546875 201.71852111816406 234.32147216796875 2.37343168258667 40.33270263671875 62.780555725097656 103.54979705810547 194.73976135253906 213.72384643554688 159.6709747314453 186.40823364257812 84.21920013427734 97.59898376464844 89.88664245605469 -71.50263214111328 ]
(0, 3)
[68.0517578125 160.6304931640625 -104.54357147216797 24.912397384643555 89.8219985961914 46.92544174194336 -35.83079528808594 0.33559271693229675 ]
(0, 4)
[132.20001220703125 20.15696907043457 52.176334381103516 -6.428138256072998 ]
(0, 5)
[31.05147361755371 -3.8949713706970215 ]
(1, 0)
[98.70177459716797 310.7119445800781 145.49795532226562 295.92315673828125 208.3640594482422 337.70037841796875 156.6180419921875 281.7761535644531 153.8795928955078 307.5445861816406 -140.53726196289062 218.2221221923828 178.77203369140625 262.0137634277344 109.5057373046875 237.7087860107422 216.05030822753906 398.221435546875 200.833740234375 313.7045593261719 114.32283782958984 295.53076171875 129.20545959472656 220.09185791015625 227.53204345703125 487.4883728027344 134.8754119873047 297.114501953125 61.40538787841797 283.3451232910156 -0.011586702428758144 221.421630859375 ]
(1, 1)
[3.1148574352264404 91.57450866699219 132.6876220703125 180.3524169921875 81.4521713256836 -61.11977005004883 106.76827239990234 152.41909790039062 114.99410247802734 162.97686767578125 165.62879943847656 266.93157958984375 120.57128143310547 119.53870391845703 95.99292755126953 179.5128936767578 40.5931282043457 144.3083953857422 165.89462280273438 242.0224609375 130.5438690185547 145.93516540527344 196.54373168945312 295.1860656738281 68.83383178710938 160.34066772460938 172.67327880859375 214.2564239501953 148.20407104492188 138.08285522460938 188.76768493652344 234.12481689453125 ]
(1, 2)
[160.1594696044922 49.14086151123047 -97.82963562011719 -35.31765365600586 97.282470703125 23.18889808654785 68.08953094482422 -1.7195850610733032 ]
(1, 3)
[20.646127700805664 69.21722412109375 -3.934753656387329 -48.0428352355957 ]
(1, 4)
[27.269512176513672 -5.194828987121582 ]
(2, 0)
[160.0543670654297 -156.93252563476562 -55.999629974365234 -5.209258079528809 69.12203979492188 254.8903045654297 100.71739959716797 34.83952331542969 ]
(2, 1)
[22.788015365600586 134.0003204345703 -0.815188467502594 72.7497329711914 11.606277465820312 -96.07332611083984 35.52387237548828 -31.63253402709961 ]
(2, 2)
[-44.317256927490234 21.460973739624023 73.7105484008789 -1.9619654417037964 ]
(2, 3)
[81.78716278076172 34.20338439941406 11.176176071166992 -8.06799602508545 ]
(2, 4)
[25.83218765258789 -4.1262617111206055 ]
(3, 0)
[55.41344451904297 -9.161544799804688 ]
(3, 1)
[33.4669303894043 -7.636362075805664 ]
(3, 2)
[25.42002296447754 -6.608670234680176 ]
(3, 3)
[-4.162899971008301 25.680604934692383 ]
