(8,8)
8 5 2 1 0 0 0 0 
3 2 1 0 0 0 0 0 
1 1 0 0 0 0 0 0 
0 0 0 0 0 0 0 0 
0 0 0 0 0 0 0 0 
0 0 0 0 0 0 0 0 
0 0 0 0 0 0 0 0 
0 0 0 0 0 0 0 0 
(0, 0)
[208.53204345703125 471.98736572265625 250.3577117919922 931.458984375 1095.5150146484375 1038.3515625 1095.5474853515625 912.5845336914062 166.5587615966797 299.02008056640625 167.03903198242188 766.671875 186.11996459960938 754.6343383789062 927.3515625 901.1588745117188 388.9148864746094 460.81903076171875 744.449951171875 462.4328918457031 657.3616943359375 482.7823791503906 957.4239501953125 612.8016967773438 284.4631652832031 381.7092590332031 300.9263000488281 382.0613708496094 305.1275634765625 532.740966796875 1222.5440673828125 780.0700073242188 870.4771728515625 550.578125 1088.2569580078125 592.44921875 1065.301513671875 1281.7366943359375 977.2883911132812 621.0712890625 185.27525329589844 483.7315979003906 225.22988891601562 1672.1729736328125 499.7275390625 685.2552490234375 894.4378662109375 650.5798950195312 549.4775390625 539.1417846679688 1381.463623046875 579.7457275390625 612.9161987304688 608.0476684570312 621.921630859375 614.1926879882812 292.6812438964844 535.4276733398438 916.5926513671875 691.1196899414062 674.6259765625 677.9548950195312 883.7212524414062 643.438720703125 873.791259765625 953.1072998046875 1121.1429443359375 1482.7943115234375 954.54736328125 954.210205078125 1159.4228515625 956.4469604492188 185.5173797607422 842.1519165039062 1023.4667358398438 1663.0303955078125 741.5909423828125 952.8589477539062 1140.8017578125 1189.1021728515625 603.60302734375 474.1637268066406 1513.316162109375 877.4833374023438 987.128173828125 989.125732421875 757.9164428710938 740.070068359375 284.6607971191406 387.89105224609375 331.5 1167.59716796875 606.5057373046875 799.6484985351562 1215.754638671875 779.5933837890625 875.6410522460938 873.9370727539062 881.6983032226562 1133.5457763671875 879.3673706054688 953.2717895507812 1801.545166015625 741.01513671875 872.9927978515625 1011.6355590820312 1144.3958740234375 1754.416015625 841.1358032226562 800.0191040039062 1774.55712890625 999.0545043945312 876.0457763671875 547.8953247070312 1546.970458984375 741.0325317382812 816.138916015625 771.8242797851562 743.23876953125 731.8910522460938 716.1366577148438 796.724853515625 1694.8216552734375 1929.57861328125 798.0530395507812 798.0758056640625 779.8734741210938 772.3516845703125 1097.40673828125 1157.41064453125 1319.1856689453125 1487.387939453125 1102.014892578125 1162.060302734375 1106.5052490234375 1165.115478515625 186.03663635253906 895.6376953125 1131.1270751953125 1663.021240234375 1099.02783203125 1161.943603515625 1227.0386962890625 1307.845947265625 843.4066772460938 474.3167724609375 1396.3497314453125 1087.0509033203125 1102.5706787109375 1084.0428466796875 1228.2757568359375 1023.7760620117188 301.0413513183594 382.23541259765625 1223.998291015625 1195.3515625 1221.592529296875 946.3265380859375 1228.0673828125 1227.948486328125 1141.4732666015625 1298.301025390625 1400.652587890625 1453.207275390625 1202.2947998046875 1306.4990234375 1814.2540283203125 1301.7786865234375 260.638916015625 1456.23095703125 1528.418701171875 1754.81689453125 1197.6904296875 1301.108642578125 1377.761962890625 1465.668212890625 1389.3369140625 554.256103515625 1398.8177490234375 1383.953125 1258.388916015625 1282.8966064453125 1390.4708251953125 628.6664428710938 918.3796997070312 718.0160522460938 1398.7701416015625 1975.4686279296875 1011.1490478515625 685.4400024414062 1229.3153076171875 1004.4105224609375 1114.8193359375 1473.11962890625 1493.0733642578125 1491.039306640625 1102.1424560546875 1038.9949951171875 1828.2427978515625 1474.91064453125 1024.1488037109375 1662.8350830078125 1663.248291015625 1663.4437255859375 1102.71435546875 1136.0189208984375 1459.1580810546875 1663.0306396484375 1190.5123291015625 1030.801513671875 1572.91845703125 1486.7889404296875 1032.8160400390625 1032.2052001953125 1281.9454345703125 1033.5233154296875 343.59967041015625 1112.7193603515625 1493.61669921875 1779.638427734375 1124.616455078125 1030.228759765625 1228.128662109375 1313.03466796875 881.755859375 1263.8570556640625 1676.3880615234375 1596.089111328125 1794.1256103515625 1300.2125244140625 1855.5802001953125 1811.9892578125 1144.419677734375 1754.4862060546875 1753.6573486328125 1754.9608154296875 1768.1351318359375 1190.365478515625 1853.9031982421875 1755.2353515625 1558.272216796875 1080.8603515625 1574.3876953125 1725.4462890625 1305.6075439453125 1030.3656005859375 1680.4093017578125 753.2864379882812 1702.89794921875 1955.484130859375 1736.5291748046875 1992.0845947265625 816.9072875976562 804.7379760742188 1503.4044189453125 1929.7286376953125 ]
(0, 1)
[-366.0361022949219 -18.714584350585938 -5.511649131774902 -9.030033111572266 25.818378448486328 33.49824142456055 62.6990852355957 10.660341262817383 -144.1744842529297 -85.84270477294922 -8.582893371582031 -16.670076370239258 -7.484836578369141 -0.41557884216308594 138.5708465576172 29.654088973999023 -216.09120178222656 -45.69084548950195 -9.789849281311035 -13.504040718078613 -8.826180458068848 4.263620853424072 98.40135192871094 28.868837356567383 -171.1935272216797 -42.23621368408203 216.59934997558594 330.61431884765625 210.66436767578125 275.3748779296875 199.1344757080078 435.7705993652344 ]
(0, 2)
[-78.70035552978516 -6.579264163970947 26.670339584350586 97.37911224365234 ]
(0, 3)
[-8.4024076461792 41.4719123840332 ]
(1, 0)
[-202.09378051757812 16.111326217651367 -14.808480262756348 113.29118347167969 -79.2252426147461 53.406917572021484 -15.450629234313965 263.76361083984375 ]
(1, 1)
[-74.0457763671875 25.32465362548828 -7.300178050994873 88.80113220214844 ]
(1, 2)
[-11.989498138427734 34.26362991333008 ]
(2, 0)
[-17.898876190185547 58.068336486816406 ]
(2, 1)
[-11.406390190124512 38.64957809448242 ]
