(8,8)
8 8 5 3 2 2 0 0 
7 5 3 3 2 1 0 0 
3 3 3 2 2 1 0 0 
2 2 2 2 1 0 0 0 
1 1 1 1 0 0 0 0 
0 0 0 0 0 0 0 0 
0 0 0 0 0 0 0 0 
0 0 0 0 0 0 0 0 
(0, 0)
[1115.11572265625 1116.9599609375 1089.6402587890625 1127.3035888671875 1074.7445068359375 1085.31396484375 1068.2041015625 1093.5533447265625 1067.8531494140625 1075.9818115234375 1049.2396240234375 1073.9859619140625 1038.749755859375 1046.9525146484375 1031.0958251953125 1051.75439453125 1091.1224365234375 1110.0367431640625 1067.270751953125 1101.418701171875 1067.27587890625 1086.5833740234375 1056.453369140625 1088.8673095703125 1042.4892578125 1060.5086669921875 1004.8915405273438 1051.659912109375 1013.257568359375 1027.7415771484375 996.9939575195312 1034.828857421875 1182.4769287109375 1120.867919921875 1096.0799560546875 1095.189697265625 1090.8487548828125 1076.101806640625 1059.23828125 1064.8369140625 1080.8206787109375 1067.9541015625 1045.6954345703125 1056.5421142578125 1037.158447265625 1027.084228515625 1010.4271240234375 1020.9122924804688 1109.091796875 1111.481689453125 1066.647705078125 1083.7056884765625 1064.6697998046875 1068.730224609375 1033.5240478515625 1058.17236328125 1046.77783203125 1052.876953125 1008.0203247070312 1038.0814208984375 1000.0446166992188 1005.9472045898438 931.7188720703125 999.6312866210938 1198.545166015625 1150.3587646484375 1123.99267578125 1164.7501220703125 1106.236083984375 1102.9644775390625 1088.6204833984375 1113.6236572265625 1095.03369140625 1092.11572265625 1069.74658203125 1090.647216796875 1051.216796875 1059.149169921875 1038.0098876953125 1062.4722900390625 1127.376220703125 1161.61572265625 1094.245849609375 1138.8416748046875 1081.9542236328125 1107.4373779296875 1079.2823486328125 1141.856201171875 1059.3087158203125 1078.7401123046875 1039.549560546875 1071.796142578125 993.2908325195312 1034.7183837890625 999.1506958007812 1051.744140625 1705.531982421875 1215.1270751953125 1181.2015380859375 1133.4552001953125 1170.4580078125 1106.0087890625 1091.8426513671875 1088.041259765625 1161.0498046875 1097.6763916015625 1080.029296875 1077.232666015625 1061.89794921875 1040.910888671875 1036.6827392578125 1040.716796875 1200.6934814453125 1228.7314453125 1103.5504150390625 1119.1358642578125 1091.9117431640625 1090.6917724609375 1064.3238525390625 1084.9871826171875 1074.929931640625 1073.2548828125 1041.3621826171875 1057.4073486328125 1005.9071044921875 988.0591430664062 996.9389038085938 1018.1488647460938 1076.9478759765625 1094.2391357421875 1056.8291015625 1095.399169921875 1054.730712890625 1069.1151123046875 1045.1376953125 1077.997802734375 1031.4208984375 1049.7664794921875 996.0652465820312 1045.4892578125 1006.3363037109375 1019.528564453125 985.0842895507812 1026.9052734375 1062.4815673828125 1108.790771484375 1021.42822265625 1087.2738037109375 1041.5135498046875 1075.4993896484375 1025.985107421875 1106.6728515625 988.4623413085938 1036.2186279296875 792.9172973632812 1008.056884765625 953.4616088867188 998.3328857421875 891.3853149414062 1002.8309326171875 1083.4091796875 1075.8265380859375 1045.6324462890625 1063.4423828125 1042.266357421875 1037.8114013671875 1013.2158813476562 1037.1529541015625 1025.077880859375 1024.3035888671875 988.2890625 1020.93896484375 977.21533203125 928.3583984375 913.3756713867188 970.8924560546875 1056.3377685546875 1072.048828125 1015.0074462890625 1053.8072509765625 1012.5517578125 1027.3907470703125 943.3594970703125 1026.3135986328125 986.0170288085938 1005.0189819335938 891.8239135742188 990.451416015625 881.928466796875 888.2569580078125 427.83245849609375 900.9234619140625 1117.6038818359375 1147.98291015625 1095.901123046875 1190.2705078125 1078.4796142578125 1098.8253173828125 1076.5570068359375 1143.1826171875 1056.9813232421875 1072.803955078125 1040.9234619140625 1078.1907958984375 1024.5377197265625 1034.837646484375 1017.10986328125 1053.9686279296875 1112.76953125 1305.9151611328125 1080.415771484375 1180.9390869140625 1072.08544921875 1144.8643798828125 1099.3441162109375 1436.6170654296875 1031.8397216796875 1073.3309326171875 998.1253662109375 1062.3662109375 985.5562744140625 996.6708374023438 990.576904296875 1067.54833984375 1170.5018310546875 1118.3251953125 1087.8736572265625 1101.151123046875 1073.447265625 1060.9556884765625 1048.650634765625 1069.38330078125 1059.365478515625 1047.12158203125 1030.668701171875 1047.8187255859375 997.014404296875 968.2022705078125 981.1448364257812 1007.3342895507812 1096.69873046875 1122.4161376953125 1059.1171875 1094.7772216796875 1031.82275390625 1029.2679443359375 1026.57958984375 1091.272216796875 1008.58837890625 1000.5160522460938 989.1260375976562 1023.0145263671875 851.6880493164062 667.717529296875 894.6878051757812 953.4714965820312 ]
(0, 1)
[378.97039794921875 394.06304931640625 393.8362731933594 423.59814453125 379.878662109375 393.4671325683594 388.9051513671875 408.548095703125 357.7557373046875 378.8074645996094 374.9552917480469 393.6187438964844 366.39410400390625 382.2807312011719 372.5465393066406 390.4634094238281 370.1387634277344 407.3761901855469 409.90728759765625 539.2532348632812 377.48114013671875 395.5186767578125 394.7392578125 428.5534362792969 315.53802490234375 370.54949951171875 369.76153564453125 409.2209167480469 351.84271240234375 378.52313232421875 373.7020568847656 395.63006591796875 364.68878173828125 381.80657958984375 381.4466857910156 398.59942626953125 372.92791748046875 386.3586730957031 379.0622863769531 397.7890625 311.4919128417969 362.0539245605469 354.80401611328125 379.7132873535156 343.14935302734375 371.3819580078125 344.1781005859375 378.1125183105469 319.84246826171875 370.3235168457031 375.863037109375 413.33697509765625 356.67950439453125 381.09344482421875 380.4952392578125 402.6562805175781 7.866540908813477 316.3455505371094 316.4693298339844 373.0408935546875 278.4567565917969 354.16717529296875 346.3489990234375 378.416259765625 373.6824951171875 385.7236633300781 383.7676696777344 399.5007019042969 375.8608093261719 388.2019348144531 379.4521179199219 397.1201477050781 350.3215026855469 378.1521911621094 368.8042297363281 386.43975830078125 364.83160400390625 382.063232421875 353.2264099121094 383.7098388671875 364.1868591308594 384.8797302246094 387.52520751953125 418.2912902832031 376.2630310058594 390.0853576660156 386.7784118652344 407.557373046875 351.295166015625 375.3705139160156 372.02569580078125 391.676513671875 366.24688720703125 383.1791076660156 372.525634765625 391.7974548339844 370.02288818359375 380.5425720214844 376.50384521484375 392.65704345703125 372.1639099121094 386.98284912109375 361.13092041015625 397.4294738769531 340.9810791015625 371.4913024902344 345.1510009765625 377.3895568847656 341.1899719238281 374.1915283203125 208.49806213378906 362.6900634765625 353.3713684082031 365.43865966796875 377.49774169921875 395.65167236328125 370.039306640625 385.11029052734375 380.5600891113281 407.5893249511719 304.8560791015625 356.94586181640625 352.5960998535156 378.39208984375 342.24920654296875 372.1005859375 345.09478759765625 381.6890869140625 375.6007995605469 387.39031982421875 388.2802734375 405.6742248535156 378.1702880859375 391.8211669921875 390.11004638671875 418.1921081542969 364.8670654296875 380.0301208496094 377.7373352050781 390.9658203125 365.53692626953125 383.47528076171875 378.3409423828125 396.06207275390625 361.08111572265625 384.04302978515625 389.5970153808594 423.386962890625 369.607666015625 391.0847473144531 392.15472412109375 440.00836181640625 340.0071716308594 370.772216796875 371.9571533203125 393.08880615234375 333.8232421875 374.98455810546875 372.29901123046875 396.5269470214844 368.2340393066406 378.6577453613281 382.9040832519531 395.74365234375 369.9476318359375 386.2279968261719 384.96173095703125 406.55096435546875 342.0488586425781 367.9097900390625 367.0334167480469 383.1839599609375 330.9599609375 370.47943115234375 362.50335693359375 386.0439758300781 339.44354248046875 358.48968505859375 376.21917724609375 395.2781066894531 336.6328125 375.1969299316406 379.71868896484375 410.6523132324219 244.12539672851562 339.3548889160156 345.8040771484375 375.2796325683594 119.84117126464844 336.3819274902344 335.1910705566406 379.4030456542969 363.9224853515625 379.2846984863281 381.0954895019531 395.451416015625 371.57275390625 388.10888671875 385.1166076660156 407.3729553222656 357.656982421875 378.7234191894531 374.17572021484375 388.0812683105469 366.82501220703125 383.03814697265625 374.2655944824219 393.1876525878906 297.6888122558594 361.2327880859375 375.47222900390625 398.1363220214844 366.4960021972656 387.1944274902344 388.9388732910156 425.284423828125 336.22210693359375 370.88482666015625 371.8965148925781 388.93328857421875 361.40576171875 383.3228759765625 378.3975830078125 400.2755126953125 367.0262756347656 370.2525329589844 381.98297119140625 398.2712707519531 375.6102600097656 393.2759704589844 389.1407470703125 446.82330322265625 357.0136413574219 372.8392028808594 368.00970458984375 384.87164306640625 357.69940185546875 379.90850830078125 353.4849853515625 392.1614990234375 324.5251770019531 277.82720947265625 376.35693359375 391.4247741699219 363.6574401855469 383.1885681152344 394.98590087890625 464.9649658203125 311.0111389160156 350.1369323730469 362.1881408691406 381.0456237792969 326.97857666015625 369.9802551269531 364.8861389160156 398.2139892578125 ]
(0, 2)
[218.3302459716797 190.83651733398438 430.21282958984375 250.53375244140625 211.64297485351562 216.8831787109375 347.94281005859375 307.4187316894531 54.48991775512695 82.69182586669922 177.3279266357422 126.7993392944336 33.903289794921875 147.1719512939453 186.90684509277344 189.39251708984375 161.63397216796875 137.70858764648438 228.33901977539062 199.8203582763672 207.35699462890625 227.1597137451172 273.1058044433594 253.24530029296875 -8.30427074432373 108.42147064208984 101.81085968017578 139.921142578125 121.65140533447266 157.8349609375 175.0424346923828 181.24127197265625 ]
(0, 3)
[62.965518951416016 3.3273801803588867 155.2423858642578 34.59471130371094 -122.24794006347656 -21.550674438476562 95.4802017211914 -53.45968246459961 ]
(0, 4)
[20.80801010131836 137.35137939453125 -6.134339332580566 57.48017883300781 ]
(0, 5)
[0.18199610710144043 60.741416931152344 20.043310165405273 -30.562044143676758 ]
(1, 0)
[290.7784423828125 221.43020629882812 284.3985900878906 273.1025695800781 316.8835144042969 270.8819580078125 313.1694641113281 293.2424621582031 291.0605773925781 152.17205810546875 316.6485900878906 284.4867858886719 310.7564697265625 203.39122009277344 330.5558166503906 301.32098388671875 301.55877685546875 266.42138671875 301.30206298828125 264.40234375 312.9885559082031 257.3339538574219 307.3106689453125 289.9699401855469 318.6001281738281 282.1128234863281 329.8726806640625 305.2059020996094 331.2965393066406 294.124755859375 340.53369140625 317.2183532714844 262.5578918457031 -10.361095428466797 286.6871032714844 216.18551635742188 331.517578125 252.1803741455078 312.4307556152344 287.7153625488281 302.29217529296875 231.1487579345703 320.94683837890625 288.30682373046875 331.073974609375 285.4724426269531 345.26593017578125 316.29986572265625 284.42010498046875 205.38827514648438 260.62237548828125 76.17019653320312 300.4656677246094 230.08831787109375 238.2865753173828 253.29364013671875 315.21978759765625 281.3663635253906 318.13275146484375 278.1886291503906 328.13787841796875 301.0970458984375 325.8675231933594 311.03533935546875 332.4024658203125 297.43505859375 330.9681701660156 307.85308837890625 369.3953552246094 323.8734436035156 352.180419921875 326.17828369140625 333.7277526855469 295.06707763671875 348.38446044921875 323.8443908691406 359.641845703125 315.1285400390625 375.1028747558594 337.1891784667969 332.7237854003906 304.3567199707031 332.9710388183594 309.6824035644531 349.8431396484375 318.33905029296875 346.0634460449219 320.44805908203125 345.1853332519531 319.9647216796875 364.22698974609375 332.7735595703125 390.6927185058594 332.6402587890625 407.984130859375 344.36761474609375 344.5120544433594 269.1321105957031 333.60797119140625 299.5793151855469 505.6791076660156 341.7695617675781 380.4723815917969 334.19281005859375 342.5249328613281 306.0693664550781 357.8876953125 326.98382568359375 391.2354736328125 336.45172119140625 441.5191345214844 353.8080139160156 327.0959167480469 290.89031982421875 318.8625183105469 277.9316101074219 361.7083740234375 316.8940734863281 333.67559814453125 313.8401794433594 341.9591064453125 316.28875732421875 355.07122802734375 322.61004638671875 362.043212890625 331.28521728515625 371.9721984863281 337.4334716796875 ]
(1, 1)
[112.67191314697266 108.79766845703125 132.44625854492188 159.15504455566406 19.26009178161621 -60.03560256958008 136.0984649658203 158.12542724609375 142.63624572753906 125.2708969116211 146.5546112060547 180.13919067382812 136.2256622314453 125.70550537109375 227.57086181640625 309.8648681640625 77.69022369384766 132.88473510742188 35.56985092163086 141.4735565185547 54.691650390625 93.29137420654297 104.09879302978516 196.98550415039062 100.81488037109375 110.90664672851562 0.18682825565338135 123.64445495605469 94.97001647949219 71.48500061035156 126.40263366699219 172.3708953857422 ]
(1, 2)
[169.4592742919922 77.48744201660156 -52.606292724609375 14.317635536193848 53.7271614074707 -2.9006969928741455 31.841028213500977 104.90001678466797 ]
(1, 3)
[80.84795379638672 133.6276092529297 -20.981721878051758 37.81345748901367 19.378690719604492 50.21552276611328 -1.618491768836975 -60.55580139160156 ]
(1, 4)
[34.360652923583984 77.69316101074219 -6.663891792297363 11.916007995605469 ]
(1, 5)
[-3.7656569480895996 23.427949905395508 ]
(2, 0)
[202.11199951171875 109.73744201660156 72.83739471435547 277.75799560546875 -100.78594207763672 -10.228032112121582 23.475990295410156 148.72686767578125 ]
(2, 1)
[17.464248657226562 -86.6261978149414 -26.753116607666016 98.22305297851562 0.541040301322937 69.7056884765625 41.75970458984375 151.9210662841797 ]
(2, 2)
[146.5642547607422 40.59907531738281 84.94693756103516 8.218595504760742 -52.08311462402344 -6.395954132080078 55.82624435424805 21.23932456970215 ]
(2, 3)
[-2.6238832473754883 -39.97457504272461 19.39191246032715 64.57064056396484 ]
(2, 4)
[55.85215759277344 19.4829158782959 -32.03998947143555 -1.217340350151062 ]
(2, 5)
[27.88715362548828 -1.9603520631790161 ]
(3, 0)
[33.053524017333984 117.41692352294922 -5.324341773986816 -73.5873794555664 ]
(3, 1)
[-3.836496591567993 25.433979034423828 -52.677703857421875 84.6659927368164 ]
(3, 2)
[-37.62693786621094 17.592920303344727 60.53882598876953 -1.6472086906433105 ]
(3, 3)
[49.341373443603516 -26.807870864868164 -0.2845591902732849 15.739893913269043 ]
(3, 4)
[27.09976577758789 -2.533130407333374 ]
(4, 0)
[43.39810562133789 -6.026754379272461 ]
(4, 1)
[27.140504837036133 -6.492457389831543 ]
(4, 2)
[26.33820343017578 -4.547294616699219 ]
(4, 3)
[-2.6215643882751465 27.899314880371094 ]
