(8,8)
8 7 6 4 3 0 0 0 
7 6 5 4 0 0 0 0 
6 5 4 0 0 0 0 0 
4 4 0 0 0 0 0 0 
3 0 0 0 0 0 0 0 
0 0 0 0 0 0 0 0 
0 0 0 0 0 0 0 0 
0 0 0 0 0 0 0 0 
(0, 0)
[1011.1397705078125 1055.2755126953125 995.5021362304688 998.61376953125 992.1087036132812 999.4474487304688 979.7350463867188 970.2261352539062 1070.811279296875 1365.12939453125 1030.4296875 1062.2305908203125 1017.1904907226562 1063.0341796875 999.1543579101562 1003.542236328125 988.7023315429688 994.703857421875 976.150146484375 963.852783203125 975.7860717773438 966.905517578125 958.6137084960938 914.9300537109375 1011.3685302734375 1055.44140625 995.7431030273438 998.7969360351562 992.3153076171875 999.6394653320312 979.9868774414062 970.4050903320312 997.0721435546875 1007.0757446289062 987.0759887695312 984.78173828125 990.7459106445312 993.3790283203125 980.1433715820312 975.5131225585938 1021.5733032226562 1067.9742431640625 1004.2570190429688 1010.912841796875 1020.1620483398438 1039.6619873046875 994.7681274414062 996.2554931640625 983.4938354492188 982.1209106445312 973.0713500976562 957.8455200195312 977.4292602539062 972.7841186523438 966.8668823242188 951.4510498046875 997.4666137695312 1007.3001708984375 987.5191650390625 985.0125732421875 991.020751953125 993.5587768554688 980.6270141601562 975.7422485351562 994.8477172851562 997.6864013671875 994.7410278320312 970.0277099609375 978.8023681640625 968.7281494140625 964.840576171875 917.9439086914062 1029.8465576171875 1061.5684814453125 1094.9752197265625 1017.2978515625 998.4498901367188 1002.6130981445312 998.4888305664062 976.5510864257812 975.1881103515625 962.34912109375 958.9267578125 901.72265625 957.001708984375 912.1390991210938 910.7018432617188 643.4066772460938 995.0184936523438 997.8657836914062 994.9013671875 970.1793823242188 978.986328125 968.9494018554688 965.0223999023438 918.0931396484375 986.4274291992188 983.9242553710938 979.3978271484375 960.8858642578125 979.3095092773438 974.0703125 970.106201171875 953.332763671875 1003.4494018554688 1010.2285766601562 1005.8751220703125 991.1202392578125 993.9652099609375 995.3502197265625 986.718017578125 978.7085571289062 972.0567626953125 956.3705444335938 953.585205078125 869.95263671875 964.9755249023438 947.993896484375 947.0911865234375 889.1567993164062 986.6279296875 984.0859375 979.6267700195312 961.0496826171875 979.4968872070312 974.228759765625 970.353759765625 953.4701538085938 996.3030395507812 1006.6781616210938 988.1931762695312 988.2012939453125 986.5172119140625 987.7857055664062 979.3853149414062 975.1428833007812 1017.702880859375 1063.0487060546875 1003.6969604492188 1010.8793334960938 999.9285278320312 1010.417724609375 990.9176635742188 991.3564453125 984.2545166015625 984.877197265625 976.9545288085938 971.4921264648438 976.0088500976562 971.0977172851562 967.6605224609375 954.3004760742188 996.7120971679688 1006.9381103515625 988.6454467773438 988.4562377929688 986.8406372070312 988.072265625 979.8858642578125 975.4115600585938 991.1873168945312 993.2177124023438 984.2678833007812 982.4617919921875 985.5652465820312 984.9104614257812 978.2730712890625 975.7232055664062 1008.8582153320312 1015.0104370117188 997.039306640625 996.4568481445312 1001.7064819335938 1001.8504638671875 989.6851196289062 988.0524291992188 981.9808959960938 979.7468872070312 974.5166015625 968.655517578125 975.70166015625 971.3692626953125 967.9896240234375 960.4669189453125 992.540283203125 993.6160278320312 985.8898315429688 982.92724609375 986.1799926757812 985.208251953125 980.0891723632812 976.18994140625 987.1876831054688 986.6806030273438 983.2801513671875 974.5333251953125 977.8888549804688 972.3840942382812 970.8994750976562 956.1830444335938 1002.6937866210938 1009.866455078125 1007.0003662109375 994.5639038085938 989.7841186523438 989.8635864257812 985.97607421875 978.3780517578125 975.277099609375 968.7049560546875 967.4690551757812 949.7382202148438 964.4555053710938 948.0869750976562 950.42041015625 901.7900390625 987.428466796875 986.9562377929688 983.536376953125 974.7675170898438 978.1807861328125 972.8292846679688 971.1915893554688 956.4347534179688 983.1112060546875 980.9546508789062 978.1956787109375 970.6536254882812 977.0983276367188 972.4066772460938 971.294921875 961.9878540039062 994.7415161132812 995.2572021484375 991.1210327148438 985.7608032226562 987.8434448242188 986.4242553710938 982.6646118164062 977.9458618164062 971.76708984375 965.1531372070312 964.5906372070312 944.3392333984375 961.8672485351562 946.1295166015625 953.4901733398438 921.955810546875 983.5825805664062 981.2176513671875 978.6842041015625 970.991943359375 977.3983764648438 972.6246948242188 971.8486938476562 962.2463989257812 ]
(0, 1)
[301.597900390625 303.2966613769531 306.5168151855469 308.44049072265625 296.856201171875 300.99578857421875 304.7320251464844 306.1166076660156 309.3410949707031 312.56573486328125 318.5456237792969 322.9166564941406 310.985595703125 311.0755615234375 331.2777099609375 322.7210998535156 290.572021484375 294.66143798828125 294.6060485839844 298.7207336425781 277.1072692871094 287.7352600097656 279.70458984375 289.750244140625 299.8985290527344 302.49468994140625 305.6431579589844 307.86773681640625 295.87109375 299.983154296875 303.9964294433594 305.4213562011719 301.1452941894531 305.3222351074219 312.1793518066406 313.2734680175781 294.51727294921875 301.9497375488281 322.3805847167969 316.13604736328125 314.40057373046875 315.7571105957031 337.0108642578125 335.52398681640625 325.760498046875 319.01947021484375 429.9576416015625 362.5086975097656 284.3949890136719 294.57037353515625 297.0495300292969 301.7071838378906 252.07533264160156 283.6993713378906 287.5848388671875 296.60498046875 300.14501953125 304.2870178222656 311.44342041015625 312.6302490234375 293.7656555175781 301.1692810058594 321.78741455078125 315.5569152832031 290.12725830078125 293.7218322753906 294.52545166015625 298.52252197265625 277.04052734375 287.57098388671875 279.68634033203125 289.6893005371094 296.6910095214844 301.3551025390625 305.3214111328125 307.52374267578125 295.5829772949219 299.7269287109375 303.9272766113281 305.30816650390625 270.7384033203125 274.0519104003906 273.4664611816406 283.46002197265625 227.45278930664062 256.8287048339844 200.67034912109375 246.1356964111328 284.3238525390625 289.9671630859375 292.928955078125 296.4444274902344 275.5600280761719 286.305908203125 278.8484191894531 288.849365234375 284.3317565917969 294.4136047363281 297.0302734375 301.6472473144531 252.0624237060547 283.654296875 287.5823974609375 296.5829162597656 299.85980224609375 304.0357360839844 311.36981201171875 312.51531982421875 293.7029113769531 301.0757751464844 321.76220703125 315.5044250488281 245.8670654296875 277.5498046875 277.47027587890625 289.20220947265625 68.40541076660156 243.114013671875 235.14112854003906 272.69769287109375 282.82635498046875 293.040283203125 296.0999755859375 300.7022705078125 251.22274780273438 282.7803649902344 286.87445068359375 295.8587646484375 ]
(0, 2)
[205.35186767578125 222.14183044433594 211.61602783203125 229.18618774414062 204.73431396484375 221.775634765625 203.68551635742188 229.6787567138672 204.54165649414062 219.29933166503906 202.0412139892578 223.97265625 196.580322265625 219.7587127685547 179.41357421875 230.39028930664062 217.36692810058594 235.68409729003906 223.1752166748047 256.142822265625 214.771240234375 236.2857208251953 222.06329345703125 274.1400146484375 213.1766815185547 230.6196746826172 216.5177001953125 249.3142547607422 206.5812225341797 241.77976989746094 214.50437927246094 315.52178955078125 190.8828582763672 209.49221801757812 193.1015625 211.99404907226562 174.47950744628906 205.16607666015625 164.80233764648438 203.55026245117188 183.68966674804688 205.9799041748047 165.7398223876953 202.04478454589844 154.1368865966797 196.6123809814453 40.14426803588867 179.2574005126953 201.06271362304688 215.9922637939453 203.70359802246094 222.7437286376953 191.1469268798828 214.29568481445312 187.343505859375 221.72991943359375 192.13473510742188 212.8304901123047 185.91824340820312 216.1538848876953 151.8346405029297 206.29820251464844 119.31047821044922 214.32107543945312 ]
(0, 3)
[76.06415557861328 109.41879272460938 92.30891418457031 135.8653564453125 37.54310607910156 83.04208374023438 62.71906661987305 98.73090362548828 74.81419372558594 114.00255584716797 107.71590423583984 172.72100830078125 6.608088493347168 77.37568664550781 70.33338928222656 109.92239379882812 ]
(0, 4)
[127.28240966796875 -37.947898864746094 50.08477783203125 1.4233149290084839 187.41232299804688 -83.71295928955078 93.05532836914062 26.372543334960938 ]
(1, 0)
[264.55633544921875 281.2596740722656 273.072265625 322.819091796875 259.9674072265625 289.457763671875 274.46734619140625 383.4366760253906 265.6355895996094 276.79022216796875 271.0609436035156 298.6529541015625 262.0157775878906 275.3796081542969 267.1842041015625 295.8745422363281 250.05538940429688 264.5302429199219 249.54322814941406 272.9749450683594 230.5529327392578 259.8177795410156 220.08636474609375 274.3227844238281 255.55543518066406 265.5967102050781 257.4241027832031 270.9385070800781 248.12098693847656 261.8407287597656 246.87118530273438 266.9632568359375 254.72274780273438 267.2117614746094 252.11521911621094 274.7067565917969 244.7564239501953 265.0769348144531 225.33328247070312 277.0766906738281 257.83599853515625 267.889892578125 259.0340576171875 272.38629150390625 253.25791931152344 264.63604736328125 249.57296752929688 268.74176025390625 237.80026245117188 255.17991638183594 215.425537109375 252.08535766601562 204.2149658203125 244.7475128173828 58.57936096191406 225.2274932861328 242.5306854248047 258.2766418457031 243.17666625976562 258.9664001464844 235.3455352783203 253.22732543945312 213.53884887695312 249.40989685058594 257.9974365234375 270.2945861816406 264.9053039550781 282.2722473144531 245.55911254882812 267.9781494140625 260.0198974609375 289.7000427246094 262.1591796875 271.76837158203125 266.97052001953125 282.3106994628906 256.5299377441406 267.729736328125 262.3561096191406 276.361083984375 239.8313751220703 258.4185485839844 250.4788055419922 264.8591003417969 175.85206604003906 245.58218383789062 230.69618225097656 259.8631896972656 252.490234375 262.4519958496094 257.1295471191406 266.9293518066406 237.35910034179688 256.4784240722656 248.53533935546875 262.1742858886719 250.8826904296875 263.1485290527344 255.2077178955078 267.5481262207031 243.79537963867188 259.6746520996094 244.85183715820312 265.11492919921875 255.2718963623047 264.3467712402344 259.4826965332031 268.94549560546875 251.11566162109375 261.2625427246094 253.67861938476562 264.9946594238281 236.7849578857422 254.05990600585938 239.19308471679688 255.56268310546875 205.56700134277344 244.2581787109375 204.6438751220703 244.8237762451172 244.9927215576172 258.059814453125 249.711181640625 259.82049560546875 227.63092041015625 251.56080627441406 236.66952514648438 253.63711547851562 ]
(1, 1)
[128.97238159179688 149.38229370117188 133.70526123046875 157.46099853515625 84.08426666259766 129.44642639160156 102.6829833984375 133.86119079589844 124.50933837890625 139.14324951171875 112.8763656616211 138.3643798828125 97.0017318725586 125.71055603027344 23.796810150146484 113.31354522705078 149.6640625 185.05508422851562 157.61207580566406 219.02308654785156 129.70742797851562 150.15245056152344 134.00381469726562 157.79727172851562 139.80191040039062 154.77621459960938 138.64913940429688 161.3294219970703 126.33789825439453 140.7779998779297 113.57266235351562 138.97097778320312 131.99485778808594 145.62875366210938 136.8502655029297 150.21975708007812 106.06227111816406 133.3625946044922 121.64195251464844 137.29379272460938 124.96134948730469 137.93060302734375 127.84456634521484 140.94346618652344 111.1582260131836 129.7158660888672 105.78678894042969 129.05088806152344 146.29019165039062 165.8285675048828 150.50323486328125 176.63714599609375 133.9932098388672 148.3074188232422 137.55789184570312 151.0133056640625 140.3176727294922 153.21263122558594 141.60516357421875 158.93812561035156 132.08082580566406 144.78590393066406 129.67498779296875 142.61700439453125 ]
(1, 2)
[108.73936462402344 97.29523468017578 80.36001586914062 70.20118713378906 91.40137481689453 75.93233489990234 65.24205780029297 11.205521583557129 164.83807373046875 135.56982421875 108.31942749023438 96.93203735351562 113.7599868774414 100.3380126953125 90.509033203125 74.42019653320312 91.63365936279297 90.75000762939453 47.539390563964844 69.27337646484375 86.3065414428711 82.78855895996094 57.65283966064453 58.50443649291992 123.2319107055664 113.57411193847656 91.23014068603516 90.62421417236328 104.2072982788086 96.93391418457031 84.78983306884766 77.14303588867188 ]
(1, 3)
[54.58061218261719 47.01456832885742 2.736698865890503 26.6408634185791 83.44893646240234 70.4646987915039 56.18668746948242 53.83831024169922 88.65400695800781 86.30546569824219 59.86480712890625 63.6408576965332 144.40408325195312 105.6194076538086 86.46668243408203 77.07931518554688 ]
(2, 0)
[174.21905517578125 213.8671112060547 187.72525024414062 195.2428741455078 219.81211853027344 310.9403076171875 209.47535705566406 228.56251525878906 194.8724822998047 210.6751708984375 194.57325744628906 202.9315643310547 213.953125 236.53041076660156 208.92520141601562 219.1776885986328 39.40974807739258 159.2505340576172 142.27633666992188 127.52919006347656 173.49087524414062 213.21812438964844 186.771728515625 194.47305297851562 158.55360412597656 187.87730407714844 160.1100311279297 178.7264862060547 193.8867645263672 209.79539489746094 193.23922729492188 201.85194396972656 197.9062957763672 215.59564208984375 198.43405151367188 205.96630859375 218.9100799560547 256.57220458984375 212.0445098876953 224.22747802734375 204.2550811767578 214.38690185546875 201.4122314453125 206.74998474121094 216.21511840820312 235.79335021972656 212.23687744140625 222.75645446777344 162.37062072753906 190.89537048339844 172.7886505126953 182.54150390625 196.9203338623047 214.821533203125 197.07943725585938 204.8885498046875 186.32681274414062 199.11280822753906 180.3693389892578 189.93345642089844 202.89451599121094 213.3968963623047 199.06138610839844 205.45651245117188 ]
(2, 1)
[88.21138763427734 107.04241943359375 69.6832046508789 104.79692840576172 77.93324279785156 97.24622344970703 47.455448150634766 90.85693359375 98.28227233886719 116.64875030517578 82.79438018798828 118.16875457763672 78.08404541015625 102.2030258178711 12.144881248474121 88.8671646118164 109.74715423583984 129.4970245361328 105.7350082397461 130.51441955566406 101.4577865600586 114.51616668701172 92.193115234375 112.14369201660156 117.58294677734375 145.39822387695312 118.67613220214844 177.9573974609375 103.54471588134766 121.05575561523438 89.53457641601562 122.1571044921875 ]
(2, 2)
[42.436241149902344 77.31163024902344 4.5329909324646 45.954437255859375 39.37599182128906 67.14169311523438 22.032751083374023 51.05238723754883 49.83427047729492 116.40910339355469 -18.604488372802734 52.25120162963867 51.66299057006836 88.82799530029297 26.900714874267578 58.18967056274414 ]
(3, 0)
[135.25343322753906 139.5989227294922 212.3521270751953 270.3923034667969 135.7476043701172 135.02894592285156 162.12400817871094 192.9398956298828 49.65888977050781 10.883464813232422 128.40713500976562 136.08615112304688 84.40080261230469 68.25672149658203 115.86859130859375 128.18472290039062 ]
(3, 1)
[81.88131713867188 112.03257751464844 103.28276824951172 165.20584106445312 50.91152572631836 77.15624237060547 69.6281509399414 94.57406616210938 60.41471862792969 88.23326110839844 73.00270080566406 99.60462188720703 5.112162113189697 58.015533447265625 35.588775634765625 66.63249969482422 ]
(4, 0)
[110.71670532226562 172.97975158691406 71.14315795898438 79.68736267089844 44.067230224609375 69.70307159423828 6.291455268859863 -26.048179626464844 ]
