(8,8)
8 7 6 4 0 0 0 0 
7 6 5 0 0 0 0 0 
6 5 0 0 0 0 0 0 
4 0 0 0 0 0 0 0 
0 0 0 0 0 0 0 0 
0 0 0 0 0 0 0 0 
0 0 0 0 0 0 0 0 
0 0 0 0 0 0 0 0 
(0, 0)
[964.548583984375 968.900146484375 972.5560302734375 986.0708618164062 969.5921020507812 931.8045043945312 987.1019897460938 984.942626953125 980.150390625 984.3744506835938 989.3524780273438 993.9539794921875 985.1602172851562 976.4791259765625 995.4392700195312 995.28857421875 946.3837890625 981.1258544921875 900.0792846679688 986.375 982.1031494140625 983.3129272460938 987.8995971679688 1011.5792846679688 984.385498046875 992.4796752929688 982.742919921875 999.0209350585938 993.8003540039062 994.5567626953125 1001.4918212890625 1008.9217529296875 984.9661865234375 985.3128051757812 990.2901611328125 994.2665405273438 986.0986938476562 976.7921142578125 995.7518920898438 995.4398803710938 990.7568969726562 993.026611328125 996.8881225585938 998.8231811523438 993.4764404296875 990.5298461914062 1001.3599243164062 1001.2105712890625 985.3228759765625 992.7914428710938 983.05517578125 999.1712036132812 994.1130981445312 994.7080078125 1001.6430053710938 1009.0132446289062 995.3483276367188 998.8244018554688 999.4324340820312 1005.244384765625 1000.609619140625 1000.9330444335938 1010.1007080078125 1012.8877563476562 969.5360107421875 931.7337646484375 987.030517578125 984.8477172851562 932.7897338867188 671.9686889648438 986.4375 957.7620239257812 985.0889892578125 976.3828735351562 995.34423828125 995.1661987304688 977.8872680664062 936.6345825195312 997.7835083007812 991.13671875 982.0038452148438 983.1595458984375 987.7465209960938 1011.3104858398438 984.7684936523438 956.952880859375 1014.0748291015625 1056.2890625 993.6476440429688 994.2882690429688 1001.2227783203125 1008.3301391601562 996.9688720703125 990.6323852539062 1014.1148681640625 1022.7278442382812 986.0274658203125 976.6959838867188 995.656982421875 995.317626953125 978.200439453125 936.786865234375 997.9349975585938 991.2293090820312 993.3820190429688 990.4086303710938 1001.23828125 1001.1517944335938 992.7964477539062 981.38623046875 1006.439208984375 1002.2109375 993.9605102539062 994.4395751953125 1001.3740844726562 1008.4216918945312 997.120361328125 990.724365234375 1014.2064819335938 1022.7918701171875 1000.3407592773438 1000.3411254882812 1009.5084838867188 1011.0306396484375 1005.9259033203125 1001.8062744140625 1028.78857421875 1022.44140625 989.8104858398438 992.0245361328125 997.1106567382812 1005.4019165039062 992.89453125 987.846435546875 1006.8345947265625 1018.2078247070312 995.4011840820312 997.3916625976562 1001.8563842773438 1005.9105834960938 998.364501953125 997.2208862304688 1008.1454467773438 1012.3519287109375 992.1192016601562 1003.8472900390625 994.1376953125 1021.9396362304688 1005.1846923828125 1017.4497680664062 1024.3946533203125 1077.4617919921875 1000.2362670898438 1005.5150756835938 1006.2177734375 1016.3860473632812 1007.3682250976562 1011.9808959960938 1021.1742553710938 1035.665283203125 995.8123779296875 997.61181640625 1002.076171875 1006.0377197265625 998.584716796875 997.3482666015625 1008.2726440429688 1012.4349365234375 1000.7390747070312 1003.4441528320312 1006.6779174804688 1009.7584228515625 1003.3501586914062 1003.0276489257812 1013.5916137695312 1015.2402954101562 1000.4553833007812 1005.6412963867188 1006.3438720703125 1016.4672241210938 1007.495361328125 1012.063232421875 1021.2564697265625 1035.7242431640625 1005.9847412109375 1011.7994995117188 1014.7929077148438 1023.5446166992188 1013.168701171875 1015.3204956054688 1036.0850830078125 1043.4647216796875 992.8229370117188 987.7515258789062 1006.7393798828125 1018.0858764648438 989.2719116210938 959.5286254882812 1020.6865844726562 1059.677734375 998.268798828125 997.0983276367188 1008.0226440429688 1012.2924194335938 999.5548706054688 992.4339599609375 1017.512451171875 1024.9881591796875 1005.0319213867188 1017.1810302734375 1024.1256103515625 1076.87060546875 1019.8661499023438 1059.16259765625 1082.6502685546875 1389.36279296875 1007.0989990234375 1011.3883666992188 1020.5820922851562 1033.8065185546875 1016.9883422851562 1024.5550537109375 1051.547607421875 1090.8778076171875 998.4891357421875 997.2257690429688 1008.1500244140625 1012.3753662109375 999.682373046875 992.517333984375 1017.5955200195312 1025.047119140625 1003.2283325195312 1002.9678955078125 1013.5323486328125 1016.7060546875 1007.7457885742188 1003.3333740234375 1031.066650390625 1024.5355224609375 1007.2261962890625 1011.4708251953125 1020.664306640625 1033.8651123046875 1017.0709228515625 1024.614501953125 1051.6072998046875 1090.9244384765625 1012.5763549804688 1013.4627075195312 1034.228271484375 1034.0240478515625 1030.61865234375 1023.8798217773438 1131.4805908203125 1075.3841552734375 ]
(0, 1)
[337.6249084472656 403.0697937011719 335.90240478515625 365.0337219238281 321.533447265625 336.0447692871094 329.25982666015625 338.9674377441406 316.4530334472656 327.2672119140625 319.26544189453125 323.8499450683594 311.0889587402344 314.4339294433594 315.5892639160156 317.7782897949219 313.9148254394531 323.970458984375 315.84991455078125 321.250244140625 307.55133056640625 308.4816589355469 311.7383728027344 314.241455078125 301.34356689453125 296.4752502441406 306.9422607421875 305.48779296875 298.6794128417969 298.2038879394531 304.4603576660156 304.9603271484375 313.8827819824219 323.9312744140625 315.8111877441406 321.2093811035156 307.5121154785156 308.4408264160156 311.6583251953125 314.1783447265625 301.28546142578125 296.427978515625 306.81732177734375 305.4212646484375 298.5541076660156 298.13720703125 304.01019287109375 304.816650390625 297.99896240234375 290.5696105957031 304.2916564941406 302.13958740234375 292.6759338378906 282.90435791015625 300.8670959472656 298.96356201171875 281.5791931152344 253.143310546875 294.8093566894531 287.04241943359375 272.0980224609375 275.8116455078125 288.8755798339844 291.7837829589844 314.5182800292969 324.3333740234375 316.31103515625 321.53558349609375 308.6720275878906 309.0686340332031 312.3912048339844 314.6383056640625 302.5343017578125 297.0764465332031 308.11083984375 305.9701843261719 301.6916809082031 299.32403564453125 306.6729431152344 305.7101135253906 299.2046813964844 291.21038818359375 305.1033020019531 302.62371826171875 295.79254150390625 284.099365234375 302.4573059082031 299.7865295410156 284.7685546875 254.35516357421875 296.9123229980469 287.9170227050781 287.72698974609375 278.9153747558594 297.0700378417969 293.7705078125 299.0484313964844 291.1184997558594 304.7842712402344 302.4739990234375 295.4734802246094 283.9499816894531 301.8143310546875 299.48712158203125 284.5518493652344 254.24432373046875 296.3011779785156 287.7027587890625 287.11566162109375 278.7010498046875 294.44940185546875 293.1985168457031 278.7585754394531 239.05685424804688 293.3465576171875 281.92901611328125 272.28375244140625 208.55630493164062 290.8066711425781 278.3992614746094 243.0773162841797 69.86902618408203 280.088623046875 248.8032684326172 252.34751892089844 227.99513244628906 280.37469482421875 274.36737060546875 ]
(0, 2)
[175.17788696289062 142.94906616210938 176.6369171142578 155.1934814453125 202.40042114257812 174.3906707763672 193.9566192626953 175.25360107421875 176.43359375 158.87989807128906 179.44677734375 163.46115112304688 190.11337280273438 175.03829956054688 193.54812622070312 175.34042358398438 142.9830780029297 30.838809967041016 155.60507202148438 96.85616302490234 174.50978088378906 142.17845153808594 175.71731567382812 153.91432189941406 159.29176330566406 118.78430938720703 165.57960510253906 142.45785522460938 175.49990844726562 157.60711669921875 176.800048828125 159.83555603027344 200.7348175048828 172.02047729492188 191.87020874023438 173.40457153320312 288.73663330078125 200.1676483154297 231.29393005371094 191.21847534179688 186.8225860595703 169.51182556152344 185.2880096435547 170.79733276367188 210.87562561035156 186.1248321533203 209.2138214111328 184.74266052246094 172.11004638671875 136.88363647460938 173.84107971191406 150.97286987304688 200.25558471679688 171.30052185058594 191.4898681640625 172.32875061035156 169.9458465576172 135.85548400878906 172.55712890625 151.32867431640625 186.39657592773438 168.49700927734375 185.49354553222656 167.70933532714844 ]
(0, 3)
[99.10826873779297 145.90765380859375 83.23050689697266 117.88971710205078 116.89409637451172 205.0789337158203 81.41680145263672 123.9225845336914 68.11443328857422 105.5481185913086 40.67660903930664 91.19916534423828 76.18213653564453 118.97455596923828 7.06168794631958 84.1392822265625 ]
(1, 0)
[277.4690856933594 275.50811767578125 266.0581970214844 264.365966796875 274.2787170410156 269.3981628417969 257.7324523925781 253.5107421875 287.2962646484375 279.35546875 276.4209899902344 271.6192626953125 286.7175598144531 278.59832763671875 273.404541015625 267.9785461425781 265.69097900390625 263.24090576171875 239.51773071289062 245.70492553710938 257.5616149902344 253.1930389404297 212.04261779785156 213.72227478027344 275.9183044433594 269.072509765625 263.6427001953125 255.73651123046875 273.2196044921875 267.54925537109375 256.50250244140625 251.08164978027344 277.20660400390625 270.9261779785156 262.0126647949219 255.32362365722656 273.7345275878906 261.4552001953125 246.8775634765625 224.52638244628906 292.00445556640625 280.69482421875 276.34808349609375 269.5085144042969 300.1515808105469 279.1583557128906 273.0294494628906 260.5445251464844 261.8384704589844 255.0067596435547 228.4991455078125 217.52723693847656 246.7647705078125 224.3621826171875 165.38009643554688 55.65180206298828 276.16265869140625 269.0745544433594 260.7867431640625 252.89598083496094 272.916748046875 260.3661804199219 246.01925659179688 223.30355834960938 288.82763671875 283.3699645996094 277.3139953613281 273.66815185546875 287.2756652832031 279.60650634765625 273.84100341796875 268.73773193359375 312.75146484375 295.0298156738281 287.1999206542969 280.37200927734375 310.6167907714844 290.4575500488281 286.32525634765625 278.2735900878906 276.8302917480469 271.8365478515625 265.1058654785156 261.6309509277344 273.6399230957031 268.3290710449219 257.0819396972656 252.49765014648438 286.9174499511719 279.651123046875 275.1611633300781 266.9429016113281 286.1676940917969 278.0028991699219 272.645263671875 266.7311096191406 292.5679931640625 281.7075500488281 276.7847900390625 270.2684020996094 300.44244384765625 279.5896301269531 273.29351806640625 260.9346008300781 334.1393737792969 295.43585205078125 291.6668701171875 280.38690185546875 403.83526611328125 303.5628662109375 299.759521484375 278.7215881347656 276.58575439453125 269.85528564453125 261.36322021484375 254.31161499023438 273.16754150390625 260.74371337890625 246.3311309814453 223.8564453125 291.5123291015625 280.11260986328125 275.60498046875 268.261474609375 299.6495666503906 278.5675964355469 272.42523193359375 259.7796936035156 ]
(1, 1)
[142.0634307861328 155.19989013671875 149.28457641601562 158.5190887451172 114.20562744140625 136.8540802001953 136.1224822998047 146.4899139404297 126.34767150878906 158.4718475341797 144.94232177734375 159.56884765625 24.76868438720703 119.09898376464844 118.39275360107422 141.4072723388672 157.68638610839844 175.4193572998047 159.6542510986328 175.18771362304688 141.90805053710938 154.78648376464844 149.51026916503906 158.1519012451172 161.64602661132812 230.34884643554688 161.57456970214844 186.17869567871094 126.1205825805664 158.18630981445312 144.78553771972656 159.2720184326172 139.56362915039062 147.72608947753906 143.7655487060547 152.701904296875 113.17760467529297 124.33232879638672 131.52606201171875 139.60879516601562 131.21661376953125 144.9984893798828 143.76806640625 152.28802490234375 76.64069366455078 105.01483917236328 125.49465942382812 136.50143432617188 152.83258056640625 161.55345153808594 155.3118438720703 165.06153869628906 140.01609802246094 147.35704040527344 147.21730041503906 151.86082458496094 152.05250549316406 169.2520294189453 155.77806091308594 166.1378631591797 131.14939880371094 144.6795196533203 144.11199951171875 151.90135192871094 ]
(1, 2)
[114.34477996826172 92.28312683105469 134.14527893066406 102.5630874633789 114.08939361572266 82.51768493652344 167.66659545898438 108.48589324951172 90.13455200195312 66.90342712402344 101.49606323242188 79.68670654296875 81.46707916259766 12.254617691040039 107.77059173583984 75.72269439697266 100.26944732666016 88.99249267578125 108.8943099975586 90.24806213378906 107.14031219482422 89.3563232421875 123.90199279785156 98.32196807861328 81.09852600097656 65.77168273925781 88.09857177734375 52.11711120605469 87.22169494628906 64.79955291748047 97.26995086669922 74.87153625488281 ]
(2, 0)
[223.9584503173828 200.1487274169922 255.8762969970703 217.1943359375 215.3916473388672 196.9014129638672 226.7594757080078 200.0102081298828 222.318115234375 202.4345245361328 244.3958282470703 206.1898193359375 211.1417694091797 186.10694885253906 212.36550903320312 144.16465759277344 232.1997833251953 179.6538543701172 342.42333984375 228.28036499023438 217.97862243652344 192.40158081054688 244.48184204101562 211.27139282226562 224.95004272460938 196.20938110351562 260.75537109375 218.1450653076172 212.0792694091797 178.63388061523438 227.2711181640625 196.06439208984375 206.65647888183594 170.60533142089844 227.0462646484375 202.4580535888672 209.60755920410156 190.4359130859375 221.50677490234375 201.61631774902344 212.9396514892578 192.92506408691406 228.72593688964844 206.2783660888672 209.09396362304688 187.88406372070312 215.9938507080078 192.9485321044922 185.20115661621094 43.142398834228516 234.4056396484375 182.46693420410156 202.82566833496094 166.60243225097656 221.61537170410156 198.68260192871094 206.36932373046875 168.8369903564453 228.8443145751953 202.3182830810547 207.14114379882812 185.3373565673828 218.5196075439453 200.2174835205078 ]
(2, 1)
[129.91615295410156 124.19448852539062 122.36395263671875 113.39227294921875 92.83321380615234 98.9874496459961 99.21478271484375 84.92976379394531 94.87024688720703 103.21705627441406 103.34036254882812 98.64144134521484 15.135047912597656 73.91954040527344 73.63948059082031 58.437347412109375 199.06361389160156 147.39984130859375 159.5509033203125 135.53366088867188 127.4229736328125 116.5267333984375 119.90218353271484 108.14683532714844 129.153076171875 120.5796890258789 122.44489288330078 113.20448303222656 93.07678985595703 99.80931854248047 101.01451873779297 92.66442108154297 ]
(3, 0)
[117.38429260253906 110.15352630615234 100.66683959960938 94.09947204589844 60.37049102783203 -23.586599349975586 45.117130279541016 11.362743377685547 173.90171813964844 260.58782958984375 132.1602325439453 150.16041564941406 107.24310302734375 105.63533020019531 79.50196075439453 87.00138092041016 ]
