(8,8)
8 8 0 0 0 0 0 0 
8 0 0 0 0 0 0 0 
0 0 0 0 0 0 0 0 
0 0 0 0 0 0 0 0 
0 0 0 0 0 0 0 0 
0 0 0 0 0 0 0 0 
0 0 0 0 0 0 0 0 
0 0 0 0 0 0 0 0 
(0, 0)
[1041.154296875 1051.4901123046875 1047.040771484375 1054.28857421875 1019.9652099609375 1036.9417724609375 1031.7998046875 1039.8382568359375 1038.1866455078125 1054.5814208984375 1046.741943359375 1059.1693115234375 1008.257080078125 1031.7716064453125 1030.286376953125 1042.5289306640625 1026.27001953125 1039.3406982421875 1035.9969482421875 1044.7655029296875 985.5389404296875 1018.807861328125 1008.4863891601562 1025.4266357421875 1010.0677490234375 1033.2415771484375 1032.114013671875 1045.1025390625 918.5374145507812 992.0317993164062 1002.7232055664062 1024.6561279296875 1053.07421875 1064.521240234375 1056.5980224609375 1065.340576171875 1040.068603515625 1050.287109375 1044.290771484375 1051.833251953125 1056.277587890625 1078.5252685546875 1058.5687255859375 1075.369140625 1037.0860595703125 1052.94091796875 1044.78466796875 1055.7847900390625 1042.4210205078125 1052.292236328125 1048.4456787109375 1056.366455078125 1025.6019287109375 1038.563232421875 1035.1064453125 1043.5657958984375 1038.5623779296875 1055.01806640625 1047.3143310546875 1061.2025146484375 1009.3223876953125 1032.243896484375 1031.013671875 1043.4573974609375 1041.0599365234375 1055.516845703125 1047.677490234375 1058.6427001953125 1016.830322265625 1034.639404296875 1033.154541015625 1043.4622802734375 1033.2545166015625 1063.7952880859375 1047.606689453125 1070.5169677734375 970.2183227539062 1015.5296630859375 1021.9299926757812 1041.1905517578125 1018.440673828125 1035.7064208984375 1034.5787353515625 1045.0185546875 958.2936401367188 1000.4055786132812 1011.0968627929688 1027.1151123046875 971.0899658203125 1016.3772583007812 1022.9002075195312 1042.4208984375 669.4517211914062 878.9695434570312 963.5873413085938 1004.8633422851562 1057.2120361328125 1077.99853515625 1058.0416259765625 1071.639404296875 1039.953857421875 1053.8736572265625 1045.71728515625 1055.25341796875 1066.73681640625 1127.52294921875 1064.3818359375 1096.0926513671875 1031.6451416015625 1060.616943359375 1044.3138427734375 1061.04296875 1041.027099609375 1054.9339599609375 1047.2296142578125 1057.016357421875 1017.6954345703125 1034.702880859375 1033.472412109375 1043.3685302734375 1032.501220703125 1061.7008056640625 1045.5509033203125 1063.02392578125 970.0985717773438 1014.8118286132812 1021.2837524414062 1039.2301025390625 1052.95654296875 1065.3387451171875 1059.020263671875 1068.2154541015625 1038.1650390625 1050.035888671875 1044.982177734375 1053.2696533203125 1055.0950927734375 1080.3275146484375 1060.6385498046875 1084.0185546875 1029.7342529296875 1051.7275390625 1043.752685546875 1057.7218017578125 1040.272705078125 1051.8814697265625 1047.7340087890625 1057.087646484375 1017.7896118164062 1036.4708251953125 1032.91015625 1043.2855224609375 1031.1400146484375 1053.7509765625 1046.0374755859375 1062.981689453125 965.3040161132812 1024.8328857421875 1023.63525390625 1042.2374267578125 1065.90625 1087.1336669921875 1069.361083984375 1089.8861083984375 1051.34326171875 1063.5589599609375 1053.780517578125 1064.3173828125 1079.33056640625 1140.9029541015625 1076.756103515625 1125.1654052734375 1053.34619140625 1077.100341796875 1056.8421630859375 1074.407470703125 1053.744140625 1066.8809814453125 1060.985595703125 1076.55419921875 1039.3868408203125 1050.8250732421875 1046.122314453125 1055.3013916015625 1055.5169677734375 1082.2138671875 1062.657958984375 1099.6182861328125 1030.0985107421875 1052.16259765625 1044.28271484375 1059.7392578125 1058.0047607421875 1080.5936279296875 1060.9041748046875 1080.6859130859375 1039.6029052734375 1054.6337890625 1046.6590576171875 1057.982177734375 1068.528564453125 1136.072021484375 1073.007080078125 1145.2047119140625 1030.401611328125 1062.4000244140625 1046.1533203125 1069.6356201171875 1040.605712890625 1055.6405029296875 1047.9266357421875 1059.58740234375 1015.5728149414062 1034.2926025390625 1033.0946044921875 1044.1209716796875 1031.2286376953125 1063.4598388671875 1047.319580078125 1071.5633544921875 962.6754150390625 1013.544189453125 1020.0345458984375 1041.0123291015625 1079.5960693359375 1137.5706787109375 1073.4228515625 1104.4044189453125 1056.2518310546875 1077.3607177734375 1057.10205078125 1071.07275390625 1129.790283203125 1446.2052001953125 1097.690673828125 1220.0078125 1065.305908203125 1126.654052734375 1063.42138671875 1095.448974609375 1057.405517578125 1078.8194580078125 1059.262939453125 1074.297119140625 1039.5577392578125 1054.0462646484375 1046.1654052734375 1056.3409423828125 1066.42138671875 1128.520751953125 1065.4967041015625 1100.5111083984375 1029.6453857421875 1060.3038330078125 1044.0848388671875 1062.1390380859375 ]
(0, 1)
[347.3116455078125 350.2430419921875 348.7223205566406 350.9425964355469 340.4258117675781 347.1021728515625 345.6347351074219 348.51971435546875 346.24090576171875 349.7393493652344 343.5469055175781 348.0257263183594 340.46490478515625 347.0881042480469 333.8556213378906 343.7375183105469 345.7216796875 350.2393798828125 348.356201171875 350.8762512207031 333.58148193359375 346.5248107910156 343.850830078125 348.5376892089844 347.51287841796875 351.8214416503906 346.57867431640625 349.9382019042969 342.5058288574219 351.5331115722656 341.45709228515625 347.58599853515625 336.8569030761719 343.9353942871094 339.32427978515625 344.850341796875 308.0587463378906 335.25018310546875 324.78515625 338.7266540527344 337.91009521484375 344.1690979003906 330.4609680175781 341.1474914550781 322.3223571777344 337.71270751953125 295.07696533203125 330.2811279296875 330.9375305175781 343.26300048828125 340.3269958496094 345.2828063964844 265.4604797363281 330.5644836425781 325.2613525390625 340.1305236816406 339.7354431152344 345.8222961425781 338.927001953125 344.7233581542969 324.2809143066406 340.5576171875 325.7204895019531 339.1081237792969 353.56707763671875 354.5726623535156 357.03839111328125 358.369873046875 353.5744934082031 354.4264221191406 364.8357238769531 357.1640319824219 351.6722412109375 354.6012268066406 351.02337646484375 353.1004333496094 350.2354736328125 355.7178955078125 349.6854248046875 352.03521728515625 352.2732849121094 355.39276123046875 354.0462951660156 356.1182861328125 349.75799560546875 356.3088073730469 354.53466796875 355.07940673828125 353.155517578125 362.1505432128906 351.76800537109375 354.75457763671875 353.4378356933594 377.7099304199219 350.56414794921875 355.9440002441406 346.859375 349.75799560546875 348.2615966796875 350.4538879394531 340.03607177734375 346.6650390625 345.154052734375 348.062255859375 345.7898864746094 349.2718200683594 343.10357666015625 347.5707092285156 340.0486755371094 346.65765380859375 333.4268798828125 343.3023681640625 345.2378234863281 349.5697937011719 347.87945556640625 350.03045654296875 333.1981506347656 346.0703430175781 343.41534423828125 348.0822448730469 347.0501708984375 351.3146057128906 346.12591552734375 349.4685363769531 342.09722900390625 351.13372802734375 341.03009033203125 347.1539001464844 347.8481750488281 349.07525634765625 348.62347412109375 349.74114990234375 344.4722595214844 346.1836853027344 348.8853454589844 347.9520263671875 343.0385437011719 347.2398681640625 335.2474060058594 344.1393737792969 333.2505187988281 342.8356018066406 304.2821960449219 335.0596923828125 347.4786376953125 349.6525573730469 348.4778747558594 350.18682861328125 342.1637878417969 347.0511474609375 345.8407287597656 348.2208251953125 346.0667419433594 349.25604248046875 343.23431396484375 347.5283203125 340.7593688964844 346.8801574707031 333.74298095703125 343.4134216308594 337.59808349609375 339.89251708984375 332.36224365234375 341.17254638671875 321.5677185058594 328.510986328125 299.489013671875 330.56787109375 329.68414306640625 339.68304443359375 298.04833984375 331.4991455078125 293.96099853515625 328.0990295410156 99.45623016357422 297.4979553222656 338.3542785644531 342.6461181640625 339.5290222167969 344.40704345703125 317.72100830078125 335.3008117675781 326.55621337890625 338.7585144042969 338.07501220703125 343.4522399902344 330.322265625 340.728759765625 324.1062927246094 337.73406982421875 295.42694091796875 330.1011047363281 356.1134033203125 354.49761962890625 366.2119445800781 357.541259765625 364.11785888671875 355.85662841796875 418.4798583984375 366.04815673828125 350.5598449707031 352.2278747558594 350.15777587890625 351.3401184082031 349.2497253417969 351.4216613769531 351.40606689453125 350.29833984375 353.2293701171875 353.7423400878906 356.2859802246094 354.954345703125 353.7475891113281 354.0574951171875 364.63818359375 356.4075927734375 351.3222961425781 354.0175476074219 350.5534973144531 352.2732238769531 350.1022644042969 355.4101257324219 349.336181640625 351.5729064941406 347.3543395996094 348.4861755371094 348.1106262207031 349.24249267578125 343.9898681640625 345.7517395019531 348.4774169921875 347.4454345703125 342.584228515625 346.76141357421875 334.803955078125 343.6855163574219 332.8160095214844 342.3959045410156 303.84332275390625 334.616943359375 346.838134765625 347.4443664550781 347.97296142578125 349.57415771484375 341.73382568359375 346.5218200683594 345.3383483886719 347.7284851074219 345.58294677734375 348.67816162109375 342.779296875 347.0487976074219 340.3238220214844 346.42449951171875 333.3026428222656 342.96734619140625 ]
(1, 0)
[284.3823547363281 269.66241455078125 291.8961181640625 284.142578125 287.1201171875 279.7582702636719 291.7124938964844 286.8055419921875 285.8829040527344 271.8742980957031 296.3642272949219 285.6735534667969 288.0491638183594 280.8966064453125 293.6761474609375 287.8094482421875 288.31842041015625 281.4283142089844 293.16845703125 288.0077819824219 288.98858642578125 282.3981628417969 292.6595458984375 288.2763977050781 289.49285888671875 282.0951843261719 296.83221435546875 289.2698974609375 290.09716796875 285.1339416503906 294.5100402832031 289.82452392578125 281.8567810058594 268.2884216308594 289.0892333984375 281.582275390625 284.41229248046875 274.9018249511719 289.48138427734375 284.0003662109375 276.80126953125 245.06971740722656 289.5135803222656 276.565185546875 283.5040588378906 271.93304443359375 290.0091857910156 283.2345275878906 286.17901611328125 278.9145202636719 290.84954833984375 285.7443542480469 286.8098449707031 278.76416015625 290.96124267578125 285.28790283203125 284.83489990234375 273.66827392578125 291.6802062988281 284.55926513671875 287.1127624511719 280.60955810546875 291.460205078125 286.7265930175781 273.43157958984375 211.94776916503906 291.4444580078125 273.24908447265625 282.6023254394531 265.5589599609375 290.68359375 282.3731689453125 279.1457824707031 236.6902618408203 306.5401306152344 278.9732666015625 284.6773681640625 270.11700439453125 295.1298828125 284.4688720703125 284.49908447265625 269.4812927246094 292.6836853027344 284.2783508300781 286.91259765625 278.97747802734375 291.85772705078125 286.64105224609375 286.6712646484375 272.0184020996094 299.78179931640625 286.48443603515625 288.1753234863281 280.6951904296875 294.4874572753906 287.9543151855469 271.4027404785156 229.75442504882812 286.6407775878906 271.1761474609375 277.7146301269531 249.18423461914062 287.28826904296875 277.4838562011719 250.07493591308594 78.68067169189453 287.12982177734375 249.80038452148438 275.014892578125 241.00579833984375 288.19952392578125 274.7766418457031 281.7707214355469 267.5621032714844 289.3981018066406 281.49322509765625 283.6691589355469 269.9969177246094 289.4226379394531 283.30938720703125 277.11798095703125 245.01321411132812 290.53448486328125 276.86029052734375 283.41033935546875 271.2123107910156 290.3051452636719 283.1377258300781 291.6711730957031 283.77520751953125 299.93218994140625 291.4472961425781 291.3794250488281 286.08038330078125 296.2137451171875 291.1156921386719 296.1971740722656 285.4403076171875 316.55078125 296.0041809082031 293.4519348144531 287.4434814453125 301.27197265625 293.2326354980469 293.0238342285156 287.7469787597656 299.5038757324219 292.77386474609375 292.51190185546875 287.69134521484375 296.37908935546875 292.1788635253906 296.702392578125 289.09100341796875 314.5395202636719 296.5137634277344 294.3600158691406 289.55877685546875 301.6439514160156 294.14361572265625 288.7454528808594 280.9191589355469 295.34576416015625 288.4777526855469 288.81268310546875 282.1776428222656 293.38946533203125 288.46246337890625 289.2898864746094 276.2186279296875 301.4695129394531 288.97418212890625 289.6657409667969 282.5732727050781 295.9039306640625 289.3968811035156 290.6459655761719 285.5398254394531 295.4301452636719 290.28509521484375 290.45037841796875 285.7314758300781 294.17169189453125 289.2794189453125 291.5228271484375 284.35675048828125 299.5399475097656 291.2420654296875 291.2864990234375 286.48724365234375 296.02801513671875 290.95477294921875 291.0890197753906 272.5519714355469 312.3428039550781 290.89886474609375 289.9925537109375 280.38873291015625 298.498779296875 289.7762145996094 306.31524658203125 278.6189270019531 402.5653076171875 306.11358642578125 294.77593994140625 283.7767333984375 314.1233215332031 294.5788269042969 292.459228515625 283.912841796875 303.3514404296875 292.2590026855469 291.5128479003906 285.91461181640625 297.0387878417969 291.27130126953125 299.6177673339844 286.2540588378906 336.6055603027344 299.43890380859375 294.26446533203125 287.591796875 304.73016357421875 294.06842041015625 285.9507751464844 269.21160888671875 299.06781005859375 285.6367492675781 285.31695556640625 267.0350646972656 293.5333251953125 285.08355712890625 286.7673034667969 249.1153106689453 319.05584716796875 285.98748779296875 287.4852600097656 272.8368225097656 299.4239807128906 287.1591796875 289.0458068847656 280.8330383300781 296.33868408203125 288.7590637207031 288.7260437011719 281.48504638671875 293.6889343261719 288.3966369628906 290.2784423828125 276.50738525390625 304.7950744628906 289.909912109375 289.9414367675781 282.4760437011719 296.8397216796875 289.6559753417969 ]
