(8,8)
8 8 8 3 1 0 0 0 
8 7 4 1 0 0 0 0 
3 3 2 1 0 0 0 0 
0 1 0 0 0 0 0 0 
0 0 0 0 0 0 0 0 
0 0 0 0 0 0 0 0 
0 0 0 0 0 0 0 0 
0 0 0 0 0 0 0 0 
(0, 0)
[346.6470642089844 340.1971130371094 441.32440185546875 341.7869567871094 603.8175659179688 460.26080322265625 1007.646728515625 514.1845703125 545.7900390625 496.7051696777344 789.2496948242188 506.35687255859375 725.855712890625 618.7362670898438 961.302734375 657.9190063476562 558.8433227539062 345.5463562011719 621.1478271484375 365.5646057128906 781.675048828125 578.991943359375 851.0001220703125 763.8959350585938 768.9349365234375 541.154052734375 795.3348999023438 657.731689453125 786.32568359375 711.6455688476562 805.5292358398438 733.6035766601562 354.0079040527344 340.5182189941406 748.0908813476562 367.17919921875 732.1627197265625 468.06134033203125 1238.3787841796875 857.5814819335938 548.1779174804688 498.56353759765625 855.5236206054688 638.5841064453125 728.3964233398438 619.0584716796875 985.7386474609375 679.97802734375 589.1709594726562 364.36700439453125 1226.159912109375 1068.1141357421875 818.9638671875 749.8839721679688 1310.7630615234375 1497.9781494140625 777.08837890625 653.4429931640625 1166.4539794921875 1669.041259765625 786.9154052734375 719.8120727539062 845.7040405273438 1108.4124755859375 467.9447326660156 342.27508544921875 1043.7274169921875 453.1169738769531 979.9199829101562 528.5305786132812 1101.001708984375 1041.8955078125 825.468017578125 511.4084777832031 1019.0809326171875 839.2211303710938 940.1997680664062 676.9827270507812 1022.7841796875 983.7078247070312 829.5894775390625 400.1697998046875 1091.581298828125 1064.855224609375 899.0056762695312 855.0418090820312 1104.626953125 1378.8389892578125 890.3592529296875 769.5869140625 995.8762817382812 1545.390869140625 892.861083984375 866.6067504882812 960.7904663085938 997.91943359375 754.1369018554688 367.6357421875 1256.6514892578125 1114.5899658203125 1211.9984130859375 858.7574462890625 1265.60107421875 1370.986572265625 870.683349609375 641.6351928710938 1101.1195068359375 1610.59326171875 956.1234741210938 696.9720458984375 1047.2991943359375 1090.9476318359375 1091.0093994140625 1063.1962890625 1444.86865234375 1672.190185546875 1116.3431396484375 1436.9788818359375 1403.728271484375 1548.7467041015625 970.3681640625 1600.2957763671875 1618.34326171875 1807.508056640625 898.5653686523438 977.4974365234375 1107.052001953125 1591.817138671875 401.2774963378906 341.1596984863281 1069.3017578125 413.60626220703125 1000.95947265625 492.8887634277344 1191.931640625 1062.2288818359375 589.2271118164062 499.2684020996094 1050.641845703125 674.8134765625 813.488525390625 623.0349731445312 1095.153076171875 839.9650268554688 606.8123779296875 364.97467041015625 1209.666748046875 1071.2939453125 839.5696411132812 758.0706176757812 1253.6190185546875 1469.0025634765625 779.1357421875 653.8544311523438 1156.1739501953125 1664.2705078125 789.0377197265625 721.2386474609375 930.7156982421875 1110.0225830078125 736.2796630859375 366.588134765625 1282.32763671875 1117.2694091796875 1261.308349609375 853.4525756835938 1292.98095703125 1393.0679931640625 735.1266479492188 633.8726196289062 1377.63232421875 1674.9251708984375 920.825439453125 648.1154174804688 1204.708251953125 1240.9033203125 1228.2474365234375 1068.1358642578125 1457.2501220703125 1673.2529296875 1314.4744873046875 1498.7186279296875 1416.4521484375 1550.57666015625 1173.0860595703125 1669.9051513671875 1754.4593505859375 1809.926513671875 833.2216186523438 1110.7982177734375 1343.208740234375 1667.1785888671875 1067.665283203125 414.0 1194.338623046875 1158.8370361328125 1188.5582275390625 1060.896240234375 1195.3251953125 1223.0570068359375 1037.3424072265625 677.2587280273438 1116.518798828125 1419.2144775390625 1076.010986328125 843.3108520507812 1108.3887939453125 1114.250732421875 1116.5224609375 1066.410888671875 1324.1431884765625 1648.2730712890625 1136.7086181640625 1415.85546875 1295.8515625 1513.4215087890625 979.7478637695312 1596.4964599609375 1432.869873046875 1800.8126220703125 913.7317504882812 985.2628173828125 1115.6077880859375 1464.6533203125 1281.8775634765625 1117.20556640625 1298.7613525390625 1537.3624267578125 1292.505126953125 1392.7274169921875 1293.3843994140625 1409.122802734375 1361.068115234375 1673.9881591796875 1412.8201904296875 1796.6151123046875 1188.944091796875 1233.5819091796875 1212.8883056640625 1442.3233642578125 1450.525390625 1672.7005615234375 1460.9742431640625 1687.11376953125 1409.466552734375 1549.610107421875 1417.8673095703125 1551.241455078125 1677.409912109375 1808.6834716796875 1771.181884765625 1811.8568115234375 1150.2421875 1625.706298828125 1423.1986083984375 1683.33984375 ]
(0, 1)
[-205.8353729248047 -69.81217956542969 -192.63882446289062 -24.817279815673828 -113.2358627319336 -14.342548370361328 -56.369293212890625 12.577858924865723 -78.1275634765625 -36.3253059387207 -48.15303039550781 -5.711767196655273 -18.870128631591797 -6.830362319946289 11.359024047851562 14.190535545349121 -205.78170776367188 -69.32675170898438 -188.77940368652344 -12.219878196716309 -112.78617858886719 -12.979485511779785 -42.651527404785156 25.632783889770508 -77.90612030029297 -35.8563117980957 -38.59075927734375 5.760876178741455 -17.54104995727539 -5.482789039611816 24.467390060424805 27.107168197631836 -205.09336853027344 -64.2364501953125 -148.4927215576172 25.92242431640625 -107.63612365722656 -2.992053270339966 10.872735977172852 42.73954772949219 -75.47798919677734 -31.455894470214844 5.898675441741943 33.68916702270508 -7.409212112426758 3.7655158042907715 42.34089660644531 43.21603775024414 -200.8308868408203 -34.64076232910156 -32.99534606933594 78.70648956298828 -78.29145812988281 41.95014190673828 74.28337860107422 83.8710708618164 -59.752540588378906 -4.239614963531494 70.6942138671875 80.84473419189453 38.15366744995117 46.73588943481445 83.76048278808594 83.99359893798828 -205.83493041992188 -69.80690002441406 -192.60618591308594 -24.633792877197266 -113.23152160644531 -14.323487281799316 -56.19799041748047 12.836775779724121 -78.1252212524414 -36.31949996948242 -48.03290939331055 -5.523212909698486 -18.85202980041504 -6.81061315536499 11.615826606750488 14.450751304626465 -205.74607849121094 -68.90160369873047 -186.20616149902344 0.024780457839369774 -112.43646240234375 -11.469230651855469 -30.962997436523438 41.43351364135742 -77.7169418334961 -35.3891716003418 -30.0006160736084 18.193038940429688 -16.105175018310547 -3.9198224544525146 40.18064498901367 42.95473861694336 -205.05789184570312 -63.83525848388672 -146.53317260742188 30.148277282714844 -107.30183410644531 -1.7631313800811768 15.08536434173584 47.27249526977539 -75.29364013671875 -31.01874351501465 9.634371757507324 37.91340637207031 -6.228927135467529 5.027266025543213 46.867279052734375 47.75209045410156 -198.03884887695312 -12.093128204345703 18.614036560058594 128.07669067382812 -58.03246307373047 80.42169189453125 124.15213012695312 133.15603637695312 -47.24836730957031 19.152935028076172 120.01948547363281 129.9691162109375 76.2274398803711 85.31576538085938 133.0477294921875 133.26979064941406 -205.83163452148438 -69.77318572998047 -192.36398315429688 -23.576337814331055 -113.20191955566406 -14.215996742248535 -55.137046813964844 14.160478591918945 -78.11004638671875 -36.284854888916016 -47.300052642822266 -4.493983745574951 -18.748676300048828 -6.7016706466674805 12.934846878051758 15.772909164428711 -205.47889709472656 -66.2260971069336 -168.31187438964844 44.48288345336914 -110.0743408203125 -3.4785139560699463 17.535572052001953 82.87604522705078 -76.49876403808594 -32.651912689208984 8.559189796447754 59.353614807128906 -8.380450248718262 4.136797904968262 81.85124206542969 84.02461242675781 -204.79193115234375 -61.33225631713867 -133.2916259765625 47.26271057128906 -105.05880737304688 4.605251312255859 33.42137908935547 63.707889556884766 -74.11128234863281 -28.48158836364746 26.55901527404785 54.3173942565918 -0.011089067906141281 11.405434608459473 63.32590866088867 64.14580535888672 -178.494140625 55.79091262817383 100.12872314453125 142.6465301513672 17.720430374145508 122.7254409790039 141.4621124267578 144.18173217773438 6.3049845695495605 78.16600799560547 140.09988403320312 143.21142578125 120.6964340209961 124.91413116455078 144.14950561523438 144.21524047851562 -205.79598999023438 -69.34632873535156 -189.73828125 -9.528753280639648 -112.85112762451172 -12.681532859802246 -41.91438674926758 33.35609817504883 -77.9205322265625 -35.81551742553711 -37.902976989746094 9.869544982910156 -17.29111099243164 -5.112420558929443 31.9937686920166 35.047542572021484 -202.61451721191406 -35.44648361206055 -34.842777252197266 214.0467529296875 -84.02307891845703 77.64234924316406 200.00390625 236.041748046875 -61.924964904785156 0.4342890977859497 182.96241760253906 221.05599975585938 70.44937896728516 86.39109802246094 235.54896545410156 236.52926635742188 -201.939208984375 -32.15142822265625 -24.75702667236328 174.0223388671875 -80.09183502197266 74.47301483154297 164.28077697753906 188.18971252441406 -59.895973205566406 2.685615301132202 153.13690185546875 178.82272338867188 68.19335174560547 82.0721435546875 187.8781280517578 188.5050506591797 -36.82506561279297 233.01068115234375 255.20919799804688 264.93853759765625 217.01028442382812 258.8245544433594 264.69708251953125 265.29730224609375 197.12945556640625 241.03761291503906 264.33221435546875 265.0536804199219 258.241943359375 259.3959655761719 265.289794921875 265.3046569824219 ]
(0, 2)
[-156.6255645751953 -139.84033203125 -75.21774291992188 -15.773085594177246 -131.7513885498047 -6.469589710235596 -14.12224292755127 9.182047843933105 -155.53170776367188 -136.53939819335938 -63.9361572265625 -13.459492683410645 -84.9134521484375 4.171666145324707 16.45062255859375 10.95808219909668 -105.74480438232422 -7.378909111022949 -24.357450485229492 7.524356365203857 -8.52548885345459 9.490386962890625 0.6095619201660156 9.591903686523438 -74.08222198486328 3.001603841781616 -0.870090126991272 9.318865776062012 20.90079116821289 19.10519027709961 22.719778060913086 11.352161407470703 -156.5256805419922 -137.3343963623047 -74.36328887939453 -14.918307304382324 -125.84424591064453 3.1449739933013916 -7.236606121063232 10.052616119384766 -147.79408264160156 -25.85038185119629 -25.331987380981445 24.624858856201172 14.955646514892578 97.51309967041016 45.94757080078125 44.082977294921875 -101.88104248046875 1.96742844581604 -21.288021087646484 8.378911972045898 3.3603334426879883 18.613615036010742 7.0388593673706055 10.460980415344238 11.204297065734863 96.90096282958984 36.1440315246582 42.561256408691406 62.8614616394043 100.49561309814453 47.88286209106445 44.34962463378906 -155.53170776367188 -136.53939819335938 -63.936161041259766 -13.459493637084961 -84.9134521484375 4.171664714813232 16.450620651245117 10.95808219909668 -95.40553283691406 -15.931401252746582 21.998096466064453 28.27089500427246 28.891233444213867 77.98303985595703 31.802730560302734 35.48298645019531 -74.08222961425781 3.0016021728515625 -0.8700916171073914 9.318864822387695 20.900789260864258 19.10519027709961 22.719778060913086 11.352161407470703 28.286745071411133 77.61551666259766 31.139484405517578 34.994754791259766 33.63264465332031 79.92571258544922 31.9273681640625 35.571998596191406 -147.79408264160156 -25.850393295288086 -25.33199119567871 24.624855041503906 14.955638885498047 97.51309967041016 45.94757080078125 44.08297348022461 15.548937797546387 108.12386322021484 49.105865478515625 74.36927032470703 66.35440063476562 111.61981964111328 51.390071868896484 75.03970336914062 11.204289436340332 96.90096282958984 36.1440315246582 42.56125259399414 62.8614616394043 100.49561309814453 47.88286209106445 44.3496208190918 66.20904541015625 111.61024475097656 51.228328704833984 74.98847198486328 67.1674575805664 111.66343688964844 51.416778564453125 75.04737854003906 -85.04109954833984 -75.57709503173828 -51.30595397949219 -32.227848052978516 -59.632484436035156 -7.811333656311035 -22.40289878845215 -1.637762188911438 -84.97826385498047 -74.41999053955078 -51.147151947021484 -32.08854293823242 -56.96674346923828 -1.4492648839950562 -20.070186614990234 -1.410996437072754 -41.79957962036133 -11.556200981140137 -28.369426727294922 -6.700959205627441 -13.261712074279785 -0.756292998790741 -11.868171691894531 -0.7548685669898987 -40.90538787841797 -6.114437580108643 -27.734254837036133 -6.497738361358643 -9.247735023498535 5.878513813018799 -9.431714057922363 -0.5280037522315979 -85.02193450927734 -74.45511627197266 -51.293853759765625 -32.159088134765625 -58.72475051879883 -1.530730962753296 -22.19402503967285 -1.501176118850708 -83.43706512451172 -7.497379302978516 -50.17864227294922 -26.73053741455078 -4.0269365310668945 132.5497283935547 -6.8996405601501465 8.66086196899414 -41.471927642822266 -6.192575454711914 -28.31609535217285 -6.583725929260254 -11.38014030456543 5.810235023498535 -11.629790306091309 -0.6171165704727173 -17.863887786865234 124.37870025634766 -23.684709548950195 2.285938024520874 65.51908111572266 137.37954711914062 4.6464056968688965 9.61530876159668 -84.97825622558594 -74.41999053955078 -51.14714813232422 -32.088539123535156 -56.96674346923828 -1.449265956878662 -20.070186614990234 -1.4109965562820435 -80.07264709472656 -6.7479376792907715 -40.019535064697266 -22.10354995727539 14.797608375549316 127.152099609375 20.57063102722168 12.446900367736816 -40.90538787841797 -6.114438533782959 -27.734254837036133 -6.497738361358643 -9.247735023498535 5.878512859344482 -9.43171501159668 -0.5280038714408875 -0.45351752638816833 119.65068054199219 -0.17575135827064514 6.4858880043029785 41.65559768676758 131.60845947265625 24.69980812072754 13.28121566772461 -83.43706512451172 -7.497389316558838 -50.17864227294922 -26.73053741455078 -4.026944160461426 132.5497283935547 -6.899642467498779 8.660860061645508 -1.8305405378341675 174.15435791015625 -1.9108389616012573 78.96788024902344 136.90554809570312 181.93157958984375 51.14955520629883 101.14189147949219 -17.8638916015625 124.37870025634766 -23.684709548950195 2.2859363555908203 65.51907348632812 137.37954711914062 4.6464056968688965 9.61530876159668 129.1272735595703 181.74464416503906 40.5345344543457 98.04398345947266 141.4469757080078 182.02818298339844 52.352996826171875 101.4231185913086 ]
(0, 3)
[-28.850601196289062 -1.800454020500183 -9.947672843933105 13.62956428527832 -25.537328720092773 6.986083984375 35.643653869628906 49.45109939575195 ]
(0, 4)
[-7.465682506561279 15.353590965270996 ]
(1, 0)
[-259.8094787597656 -129.04281616210938 -259.51959228515625 -124.93328857421875 -228.81517028808594 -32.52091979980469 -211.13555908203125 -1.9073455333709717 -170.14337158203125 -40.05902862548828 -165.03323364257812 -35.141536712646484 -24.82439422607422 -5.244384765625 -9.227417945861816 7.236342906951904 -170.09457397460938 -40.00341033935547 -161.3056640625 -31.18246841430664 -24.607376098632812 -5.0530829429626465 1.4093412160873413 16.426048278808594 -38.449954986572266 -34.435855865478516 -33.85184860229492 -29.976165771484375 -5.107992172241211 -4.845701694488525 6.041317939758301 6.258121490478516 -148.1563262939453 -94.5465087890625 -146.952392578125 -88.60030364990234 -139.24929809570312 -63.11241912841797 -76.1032943725586 32.030574798583984 -136.22093200683594 -61.37202835083008 -101.75798034667969 -3.7641305923461914 -13.115478515625 14.066038131713867 39.63174057006836 46.591033935546875 -135.8213348388672 -60.19971466064453 -81.84346008300781 17.63011932373047 -10.336246490478516 16.40362548828125 54.02214813232422 58.84589385986328 -24.442764282226562 -9.896698951721191 25.993915557861328 31.78466796875 16.974210739135742 17.393753051757812 42.80577087402344 42.8951301574707 -259.6623229980469 -126.81504821777344 -247.9864959716797 -24.517404556274414 -219.47264099121094 -10.819647789001465 8.446076393127441 100.14767456054688 -169.8581085205078 -39.59629821777344 -143.86636352539062 -4.0455241203308105 -22.87738800048828 -3.292597532272339 72.40882110595703 86.86512756347656 -165.97286987304688 -35.27401351928711 -21.99674415588379 57.10752868652344 -8.14117431640625 9.490203857421875 80.15398406982422 81.86308288574219 -38.38335037231445 -34.37012481689453 -29.09897232055664 -25.29279899597168 -4.874377250671387 -4.612468242645264 17.63933753967285 17.83568572998047 -147.51644897460938 -91.20622253417969 -104.09662628173828 23.54011344909668 -99.32699584960938 22.640748977661133 94.30370330810547 106.940185546875 -133.75115966796875 -52.62966537475586 3.01175856590271 131.7399139404297 11.965851783752441 40.258033752441406 173.89305114746094 177.87506103515625 -106.00959777832031 0.21190154552459717 71.32270812988281 84.967041015625 59.7099609375 69.80634307861328 87.027099609375 87.2094955444336 -22.11253547668457 -7.63327693939209 48.87421417236328 53.16128921508789 19.91101837158203 20.321388244628906 62.013423919677734 62.07484436035156 -259.768798828125 -128.3560333251953 -256.251708984375 -78.6660385131836 -226.12875366210938 -23.588396072387695 -77.5980224609375 139.31309509277344 -169.9054718017578 -39.65077209472656 -147.10459899902344 -6.781469345092773 -23.08711814880371 -3.4778048992156982 71.2897720336914 87.13618469238281 -169.74684143066406 -39.524295806884766 -137.03155517578125 -2.799103021621704 -22.66706657409668 -3.2022058963775635 58.3162727355957 68.95680236816406 -38.439083099365234 -34.424983978271484 -33.03715515136719 -29.16204261779785 -5.064334869384766 -4.80205774307251 8.650856018066406 8.866686820983887 -147.96408081054688 -93.46321868896484 -132.16799926757812 -23.964740753173828 -125.44795989990234 -15.947245597839355 119.47728729248047 174.70164489746094 -134.1347198486328 -53.69607925415039 -4.229530334472656 139.98117065429688 10.01353931427002 38.8665657043457 193.20240783691406 198.33633422851562 -132.9175567626953 -51.066619873046875 4.433903694152832 91.52464294433594 11.779260635375977 37.41862869262695 112.9997329711914 115.03604888916016 -24.036230087280273 -9.475994110107422 33.50794219970703 39.2564697265625 17.622032165527344 18.04157829284668 50.720394134521484 50.80839157104492 -256.3919372558594 -79.84693145751953 -86.80642700195312 174.12062072753906 -80.30113983154297 143.6297607421875 185.53948974609375 194.197021484375 -151.35206604003906 -9.465502738952637 194.5718994140625 264.7364196777344 75.1211166381836 93.9650650024414 294.14117431640625 295.2974548339844 -140.822021484375 -4.981746673583984 102.58668518066406 125.97775268554688 59.44389724731445 71.36631774902344 132.376220703125 132.70034790039062 -37.50672149658203 -33.49353790283203 19.64069175720215 23.211631774902344 -1.4114460945129395 -1.1507059335708618 105.16322326660156 105.29198455810547 -132.6670684814453 -25.02754783630371 123.99797058105469 184.13223266601562 122.89803314208984 182.05723571777344 193.88258361816406 194.8447723388672 -12.3349609375 172.1001434326172 289.7584228515625 300.6067810058594 262.12823486328125 271.256103515625 302.5295715332031 302.66802978515625 -0.2473902702331543 99.0522689819336 130.8418426513672 133.56829833984375 125.96453094482422 128.52981567382812 133.98712158203125 134.02122497558594 5.7427978515625 20.73206329345703 152.3110809326172 154.10345458984375 58.601932525634766 58.9898681640625 158.81101989746094 158.8341522216797 ]
(1, 1)
[-107.44486999511719 -107.24543762207031 -39.18537902832031 -36.85150909423828 -50.399383544921875 -50.30086135864258 -1.4587041139602661 -1.339799404144287 -103.68848419189453 -89.51433563232422 -15.434004783630371 31.68267250061035 -11.155098915100098 -8.358776092529297 16.763463973999023 19.40205192565918 -77.00979614257812 -67.62129211425781 4.4621124267578125 17.256145477294922 6.541264533996582 6.887572765350342 10.379096031188965 10.72156047821045 -10.537253379821777 45.90623474121094 24.745391845703125 60.943912506103516 23.587059020996094 26.72343635559082 24.198871612548828 27.32280158996582 -107.045166015625 -92.25912475585938 -34.867366790771484 32.82387161254883 -45.720237731933594 -38.718990325927734 2.5810890197753906 10.362436294555664 -77.75727844238281 52.41860580444336 37.264949798583984 73.16870880126953 27.55070686340332 56.656497955322266 38.423126220703125 64.09379577636719 -59.790348052978516 50.86259841918945 22.43181610107422 70.57893371582031 15.602823257446289 31.455366134643555 18.78423500061035 34.32769775390625 46.03755569458008 73.624267578125 54.09909439086914 73.91548919677734 41.53679656982422 66.80776977539062 41.69527816772461 66.90901947021484 -52.32447814941406 -52.27141189575195 -23.391231536865234 -23.182170867919922 -13.392716407775879 -13.322558403015137 -5.169912338256836 -5.091158390045166 -52.12696075439453 -47.954803466796875 -22.746660232543945 -7.956374645233154 -12.231596946716309 -6.9058756828308105 -4.078380584716797 1.8411153554916382 -50.84282302856445 -46.78840637207031 -19.76538848876953 -6.510624408721924 -6.977849960327148 -3.0287134647369385 -0.38305678963661194 3.875797748565674 -37.69497299194336 55.50032424926758 5.541386604309082 90.68157196044922 15.285518646240234 77.0432357788086 18.48884391784668 80.41231536865234 -52.26275634765625 -48.07990264892578 -23.152790069580078 -8.205291748046875 -13.242304801940918 -7.7467780113220215 -5.0097975730896 1.1236168146133423 -47.30751037597656 57.126991271972656 -6.372894287109375 95.19461822509766 -1.939736008644104 112.94544219970703 6.600674152374268 120.1584701538086 -46.162017822265625 56.81493377685547 -5.093379497528076 94.45182037353516 0.5685485005378723 104.64657592773438 7.313603401184082 110.94111633300781 54.14883804321289 105.3365249633789 82.60246276855469 106.06089782714844 58.96829605102539 157.8679962158203 60.1614990234375 158.01406860351562 ]
(1, 2)
[-49.49181365966797 -9.744671821594238 -15.08430290222168 0.4379538893699646 -41.30385208129883 12.580215454101562 0.34995004534721375 16.592588424682617 -48.51746368408203 -0.19049085676670074 -11.575824737548828 10.096131324768066 -1.3939814567565918 51.25035858154297 42.77980041503906 52.47209548950195 ]
(1, 3)
[-8.841547012329102 16.295114517211914 ]
(2, 0)
[-53.18134307861328 -5.186140060424805 -46.28788757324219 11.650736808776855 -16.43845558166504 20.458093643188477 57.7270393371582 76.44019317626953 ]
(2, 1)
[-33.74099349975586 -3.3378655910491943 -11.025164604187012 13.189456939697266 -29.255281448364258 8.112889289855957 36.52364730834961 48.24941635131836 ]
(2, 2)
[-23.603328704833984 4.428047180175781 -1.9278409481048584 24.667701721191406 ]
(2, 3)
[-7.214804172515869 13.917373657226562 ]
(3, 1)
[-9.86052417755127 16.598127365112305 ]
