(8,8)
8 8 8 4 2 1 0 0 
8 8 6 4 1 0 0 0 
4 4 4 1 1 0 0 0 
1 1 1 1 0 0 0 0 
0 0 0 0 0 0 0 0 
0 0 0 0 0 0 0 0 
0 0 0 0 0 0 0 0 
0 0 0 0 0 0 0 0 
(0, 0)
[1039.258544921875 1042.83935546875 1046.304443359375 1049.912353515625 1037.078857421875 1043.8173828125 1046.097900390625 1052.546142578125 1030.4532470703125 1035.368408203125 1039.4532470703125 1043.4764404296875 1023.2738647460938 1034.9925537109375 1037.1614990234375 1044.0057373046875 1035.4759521484375 1042.2620849609375 1046.1138916015625 1052.0843505859375 1029.2308349609375 1043.5916748046875 1046.803955078125 1060.1553955078125 1017.8361206054688 1030.4112548828125 1035.558837890625 1042.4493408203125 990.7479248046875 1026.5360107421875 1029.27783203125 1043.6656494140625 1044.989990234375 1048.3106689453125 1052.98486328125 1056.4716796875 1045.51220703125 1051.876220703125 1055.259033203125 1065.377685546875 1037.2913818359375 1040.938720703125 1045.078369140625 1048.50634765625 1036.396240234375 1043.136474609375 1045.5560302734375 1051.951904296875 1045.5281982421875 1051.4144287109375 1057.81005859375 1065.851806640625 1046.4619140625 1059.7784423828125 1066.528076171875 1096.9722900390625 1034.79345703125 1041.5797119140625 1045.570556640625 1051.4871826171875 1028.8802490234375 1043.2286376953125 1046.4798583984375 1059.79931640625 1046.2412109375 1049.8033447265625 1055.729736328125 1060.2515869140625 1046.065185546875 1052.501220703125 1056.1136474609375 1066.4434814453125 1039.418701171875 1043.4232177734375 1046.63134765625 1051.4410400390625 1037.1395263671875 1043.9769287109375 1046.1949462890625 1052.8790283203125 1046.0811767578125 1052.0391845703125 1058.6641845703125 1066.9173583984375 1046.781494140625 1060.126708984375 1066.9285888671875 1097.4361572265625 1035.53662109375 1042.419921875 1046.2093505859375 1052.4140625 1029.260009765625 1043.64306640625 1046.8330078125 1060.2342529296875 1052.869873046875 1056.3751220703125 1068.9437255859375 1071.2244873046875 1055.2113037109375 1065.329833984375 1073.269287109375 1101.3922119140625 1045.022705078125 1048.4180908203125 1053.0174560546875 1056.7567138671875 1045.52490234375 1051.911376953125 1055.26611328125 1065.438720703125 1057.761962890625 1065.8033447265625 1087.0377197265625 1104.1781005859375 1066.4974365234375 1096.935302734375 1122.0765380859375 1257.974365234375 1045.5401611328125 1051.4464111328125 1057.8238525390625 1065.911865234375 1046.4578857421875 1059.772216796875 1066.5279541015625 1096.982666015625 1030.756591796875 1035.70947265625 1039.745361328125 1043.857421875 1023.3925170898438 1035.1131591796875 1037.267822265625 1044.109130859375 1012.7528686523438 1019.7582397460938 1030.8427734375 1035.8924560546875 986.2706909179688 1020.0010986328125 1023.4454956054688 1035.1922607421875 1017.955322265625 1030.5322265625 1035.6658935546875 1042.553466796875 990.810791015625 1026.5941162109375 1029.33056640625 1043.7071533203125 962.687255859375 1001.3421020507812 1018.0039672851562 1030.6112060546875 824.2015380859375 986.1962890625 990.8421630859375 1026.64013671875 1038.3177490234375 1042.0623779296875 1045.688232421875 1048.9429931640625 1036.6658935546875 1043.4241943359375 1045.7344970703125 1052.1002197265625 1027.1124267578125 1032.21435546875 1038.3883056640625 1042.1632080078125 1022.4020385742188 1034.1456298828125 1036.7012939453125 1043.4696044921875 1035.0634765625 1041.86865234375 1045.7513427734375 1051.6376953125 1028.9874267578125 1043.3370361328125 1046.56005859375 1059.86767578125 1016.9603271484375 1029.5643310546875 1035.098876953125 1041.9127197265625 990.3790283203125 1026.1658935546875 1029.0111083984375 1043.3587646484375 1039.56689453125 1043.42578125 1046.916748046875 1050.8056640625 1037.205322265625 1044.0003662109375 1046.2744140625 1052.7493896484375 1030.770751953125 1035.7408447265625 1039.700439453125 1043.757080078125 1023.4102172851562 1035.1380615234375 1037.267333984375 1044.1136474609375 1035.6029052734375 1042.444580078125 1046.291259765625 1052.2872314453125 1029.297607421875 1043.6622314453125 1046.868408203125 1060.2109375 1017.9686889648438 1030.5567626953125 1035.6649169921875 1042.5570068359375 990.820556640625 1026.610595703125 1029.3350830078125 1043.7125244140625 1045.2166748046875 1048.66015625 1053.2127685546875 1056.7332763671875 1045.6190185546875 1052.0010986328125 1055.3441162109375 1065.456787109375 1038.23046875 1041.799560546875 1045.3619384765625 1048.7906494140625 1036.6448974609375 1043.383056640625 1045.6640625 1052.0531005859375 1045.6357421875 1051.5386962890625 1057.90234375 1065.9305419921875 1046.511962890625 1059.819580078125 1066.570068359375 1097.0006103515625 1035.0421142578125 1041.82568359375 1045.679443359375 1051.587646484375 1028.9793701171875 1043.3173828125 1046.52685546875 1059.828857421875 ]
(0, 1)
[298.26068115234375 299.2027893066406 298.31134033203125 299.1764221191406 311.3126525878906 305.26824951171875 303.3592834472656 302.28887939453125 287.3216552734375 293.6849365234375 292.9660949707031 295.73895263671875 297.8702087402344 298.7853698730469 297.8887023925781 298.7289123535156 287.2926330566406 293.6546630859375 292.9356994628906 295.70538330078125 297.84027099609375 298.751953125 297.8551940917969 298.68292236328125 261.8418884277344 284.725341796875 283.7339782714844 290.9039306640625 286.8770446777344 293.2099609375 292.4875793457031 295.2090759277344 287.25616455078125 293.61297607421875 292.8938903808594 295.6554870605469 297.8011474609375 298.705810546875 297.8089904785156 298.6256103515625 261.8092956542969 284.6899719238281 283.6983947753906 290.86474609375 286.84259033203125 293.1722717285156 292.44976806640625 295.1667785644531 261.7798156738281 284.6568298339844 283.6650695800781 290.81878662109375 286.8095397949219 293.1264343261719 292.40374755859375 295.0672607421875 148.97174072265625 259.81207275390625 257.39007568359375 281.14678955078125 261.3984375 284.18408203125 283.19219970703125 290.19488525390625 310.28741455078125 304.51373291015625 302.3878479003906 301.4638366699219 359.9628601074219 320.91259765625 313.75933837890625 307.0455627441406 296.00164794921875 297.6549377441406 296.20672607421875 297.48419189453125 309.947021484375 304.1647033691406 302.0001220703125 301.0453186035156 295.9744567871094 297.626953125 296.1785888671875 297.4551086425781 309.92144775390625 304.13604736328125 301.97186279296875 301.01336669921875 282.0677490234375 291.0692443847656 288.4521789550781 292.5417785644531 295.58642578125 297.20086669921875 295.7520751953125 296.9837646484375 295.9417419433594 297.5914611816406 296.1429443359375 297.4159851074219 309.88934326171875 304.09881591796875 301.9349365234375 300.971435546875 282.0362243652344 291.0360107421875 288.41864013671875 292.505859375 295.5545654296875 297.16656494140625 295.71771240234375 296.94677734375 282.0083923339844 291.0069580078125 288.3892822265625 292.4728698730469 295.526123046875 297.1344909667969 295.6855163574219 296.90289306640625 242.12603759765625 278.4310302734375 268.1737365722656 280.88232421875 281.651123046875 290.55731201171875 287.9954833984375 291.95306396484375 298.6172180175781 299.6015625 298.8769836425781 299.7093505859375 303.73858642578125 303.1439514160156 301.6986389160156 302.2326354980469 293.3868408203125 296.1431884765625 295.60528564453125 297.121337890625 298.1927490234375 299.1529235839844 298.4290771484375 299.1947937011719 293.3565979003906 296.1097106933594 295.57177734375 297.0753173828125 298.1593933105469 299.10687255859375 298.3830261230469 299.0955505371094 284.5968322753906 291.57659912109375 291.0011901855469 293.9564514160156 292.90643310546875 295.61029052734375 295.0705261230469 296.4245910644531 293.3152160644531 296.0605773925781 295.52264404296875 297.0137023925781 298.1138916015625 299.05084228515625 298.3271789550781 299.0228576660156 284.56182861328125 291.53851318359375 290.9630126953125 293.9140625 292.8694763183594 295.56964111328125 295.0298156738281 296.3788757324219 284.5286865234375 291.4925842285156 290.9169616699219 293.814453125 292.8235168457031 295.4701232910156 294.9301452636719 296.05657958984375 259.9167785644531 282.9248046875 282.0125427246094 288.7759704589844 284.0462646484375 290.8712158203125 290.2940673828125 292.5810852050781 303.0335693359375 302.5260314941406 300.973876953125 301.2818298339844 314.720458984375 309.9969787597656 305.5291748046875 305.59051513671875 297.158935546875 298.3791198730469 297.434814453125 298.2695007324219 302.6420593261719 302.1556091308594 300.54925537109375 300.8550720214844 297.1310119628906 298.35003662109375 297.40582275390625 298.2378234863281 302.61358642578125 302.1234130859375 300.5179138183594 300.81597900390625 291.0240783691406 294.41094970703125 293.3326721191406 294.83404541015625 296.6972961425781 297.8738708496094 296.9312744140625 297.644775390625 297.09600830078125 298.3118591308594 297.36773681640625 298.1954650878906 302.5771789550781 302.0821838378906 300.4775695800781 300.7700500488281 290.9911804199219 294.37615966796875 293.29779052734375 294.79632568359375 296.6634521484375 297.8376770019531 296.8952941894531 297.60595703125 290.9622497558594 294.3443298339844 293.26580810546875 294.75616455078125 296.6319580078125 297.7983703613281 296.8560485839844 297.550048828125 279.2232360839844 288.39300537109375 285.97930908203125 287.5517578125 290.4958801269531 293.7613830566406 292.6849060058594 293.647216796875 ]
(0, 2)
[205.0768585205078 206.90878295898438 208.70193481445312 209.2110137939453 208.67710876464844 209.1669921875 211.78282165527344 210.97691345214844 208.61465454101562 209.0813446044922 211.73159790039062 210.89422607421875 211.7056121826172 210.86590576171875 218.01779174804688 213.19309997558594 197.12669372558594 202.16671752929688 204.77960205078125 206.60816955566406 204.74911499023438 206.54051208496094 208.38108825683594 208.87393188476562 204.65020751953125 206.34878540039062 208.31744384765625 208.77444458007812 208.2765350341797 208.67977905273438 211.4369354248047 210.54823303222656 207.396240234375 208.14312744140625 209.44248962402344 209.6789093017578 209.39854431152344 209.5537872314453 211.2152099609375 210.86593627929688 209.3131103515625 209.41696166992188 211.13148498535156 210.63153076171875 211.10496520996094 210.67425537109375 213.94912719726562 212.1201934814453 203.72726440429688 205.20663452148438 207.09751892089844 207.86447143554688 207.03099060058594 207.5447540283203 209.118896484375 209.37319946289062 206.8381805419922 207.02691650390625 209.01913452148438 209.15927124023438 208.9249725341797 208.72862243652344 210.82492065429688 210.25267028808594 197.82379150390625 202.67596435546875 205.9064483642578 207.30335998535156 205.88644409179688 207.28012084960938 210.6802520751953 210.01885986328125 205.80368041992188 207.13377380371094 210.62112426757812 209.93006896972656 210.5992889404297 209.90357971191406 218.0246124267578 212.8931121826172 170.9803924560547 188.63198852539062 197.57052612304688 202.4225616455078 197.54859924316406 202.39505004882812 205.58897399902344 206.97802734375 197.403564453125 202.03590393066406 205.50894165039062 206.83755493164062 205.4830322265625 206.8024139404297 210.2943878173828 209.59402465820312 204.24037170410156 205.6962432861328 207.7912139892578 208.37298583984375 207.7681121826172 208.34327697753906 210.25416564941406 210.1049041748047 207.62213134765625 207.97894287109375 210.16612243652344 209.92782592773438 210.13980102539062 209.884765625 213.15939331054688 211.61968994140625 195.96139526367188 198.56260681152344 203.94825744628906 205.4436798095703 203.92111206054688 205.40794372558594 207.46322631835938 208.04795837402344 203.56309509277344 204.1337890625 207.3284454345703 207.7316131591797 207.29345703125 207.67196655273438 209.83547973632812 209.5937957763672 201.10108947753906 205.4626922607422 207.31201171875 208.47921752929688 207.29205322265625 208.45606994628906 211.85269165039062 210.80068969726562 207.24267578125 208.39259338378906 211.8091583251953 210.74403381347656 211.78662109375 210.71734619140625 220.1982879638672 213.7318878173828 183.7176055908203 199.22732543945312 200.79556274414062 205.15428161621094 200.77357482910156 205.12709045410156 206.96311950683594 208.13868713378906 200.71109008789062 205.03514099121094 206.91464233398438 208.07537841796875 206.88856506347656 208.04026794433594 211.37220764160156 210.3748321533203 205.65322875976562 207.37332153320312 208.57469177246094 209.1713104248047 208.55154418945312 209.14157104492188 210.87152099609375 210.63934326171875 208.4881591796875 209.04397583007812 210.81495666503906 210.53919982910156 210.7884063720703 210.4960174560547 213.9184112548828 212.1270751953125 199.6941680908203 204.20114135742188 205.34503173828125 207.06768798828125 205.3179168701172 207.0322723388672 208.2370147705078 208.83462524414062 205.2260284423828 206.8588409423828 208.1738739013672 208.73623657226562 208.13882446289062 208.676513671875 210.46087646484375 210.18447875976562 184.83998107910156 199.9142303466797 203.082763671875 206.27249145507812 203.06430053710938 206.2526397705078 213.52638244628906 210.42608642578125 203.00735473632812 206.17349243164062 213.47962951660156 210.3671417236328 213.45928955078125 210.34519958496094 239.86912536621094 216.99620056152344 105.75328826904297 181.48635864257812 184.57838439941406 199.6175537109375 184.55926513671875 199.59605407714844 202.76361083984375 205.9408721923828 184.4815216064453 199.46395874023438 202.70822143554688 205.86375427246094 202.686767578125 205.8389129638672 213.18370056152344 210.0291748046875 200.38539123535156 204.693115234375 206.4637908935547 207.75025939941406 206.4439697265625 207.7281036376953 210.52886962890625 209.95620727539062 206.36502075195312 207.5933074951172 210.47023010253906 209.8687744140625 210.4484100341797 209.84217834472656 217.0807342529297 212.4860382080078 183.00050354003906 198.1065216064453 200.0842742919922 204.38916015625 200.06289672851562 204.36439514160156 206.1319580078125 207.41685485839844 199.93112182617188 204.0586395263672 206.0555877685547 207.28807067871094 206.03082275390625 207.25619506835938 210.1297149658203 209.52813720703125 ]
(0, 3)
[49.33197784423828 76.89118194580078 67.29057312011719 86.83639526367188 74.43999481201172 92.60088348388672 84.04550170898438 107.43746185302734 19.356388092041016 69.83584594726562 66.08894348144531 93.55917358398438 68.67293548583984 95.9291000366211 92.41105651855469 138.53761291503906 ]
(0, 4)
[86.02722930908203 37.33711242675781 52.264488220214844 5.888783931732178 ]
(0, 5)
[27.047687530517578 -0.7216272354125977 ]
(1, 0)
[270.16448974609375 265.9645690917969 267.3470764160156 258.9210510253906 265.92755126953125 257.78961181640625 258.88671875 235.0859832763672 272.9047546386719 269.7679443359375 272.025634765625 266.98431396484375 269.72393798828125 265.40008544921875 266.94744873046875 258.5102233886719 270.5245056152344 267.2225341796875 268.318603515625 262.2743225097656 267.1795959472656 260.95037841796875 262.2406921386719 245.98907470703125 272.5887451171875 270.0205993652344 271.56683349609375 267.9412536621094 269.9493713378906 266.1777648925781 267.90484619140625 261.8199462890625 272.8506164550781 269.7657470703125 271.9806823730469 266.9601135253906 269.7217712402344 265.5249328613281 266.9232177734375 258.52606201171875 275.8645935058594 272.480712890625 277.1563720703125 271.6123962402344 272.40814208984375 269.27685546875 271.56988525390625 266.5383605957031 272.53314208984375 270.1253662109375 271.5223083496094 267.9414367675781 270.05413818359375 266.7707824707031 267.90032958984375 261.9020690917969 274.7637634277344 272.19232177734375 274.48394775390625 271.1600036621094 271.9985656738281 269.4999694824219 271.1133117675781 267.50701904296875 267.4638977050781 259.5227966308594 261.44720458984375 238.35171508789062 259.4875183105469 237.06277465820312 238.31944274902344 135.87423706054688 271.7791748046875 267.099609375 270.872314453125 261.10321044921875 267.06170654296875 259.1089782714844 261.06793212890625 238.0073699951172 268.9207458496094 264.24810791015625 265.5022277832031 255.13714599609375 264.2113952636719 254.0886993408203 255.1035614013672 220.73480224609375 271.6828918457031 268.52960205078125 270.48712158203125 265.14703369140625 268.488525390625 263.74676513671875 265.1109924316406 254.7681427001953 271.7345275878906 267.0729064941406 270.8292541503906 261.07061767578125 267.0350036621094 259.1144104003906 261.03533935546875 237.99327087402344 276.1560363769531 271.36474609375 282.09539794921875 270.4878234863281 271.3251953125 266.65228271484375 270.4505615234375 260.6815185546875 271.6378479003906 268.52435302734375 270.4462585449219 265.12060546875 268.48333740234375 263.826416015625 265.08428955078125 254.77001953125 274.23724365234375 271.2678527832031 275.0649719238281 270.08111572265625 271.2164611816406 268.0727844238281 270.0419921875 264.7138366699219 272.6215515136719 269.38677978515625 271.72003173828125 266.505126953125 269.35076904296875 264.6777038574219 266.47119140625 257.4005432128906 275.6399841308594 272.2021179199219 276.95318603515625 271.3353576660156 272.1637268066406 268.7760009765625 271.300048828125 266.0541687011719 272.1260070800781 269.2656555175781 271.0570373535156 266.8062438964844 269.2294616699219 263.6988830566406 266.77978515625 257.43426513671875 274.1993408203125 271.595947265625 274.1114196777344 270.65313720703125 271.5553283691406 268.1818542480469 270.6240234375 266.3220520019531 275.5873718261719 272.22283935546875 276.91131591796875 271.3197021484375 272.18438720703125 268.95465087890625 271.2837829589844 266.08782958984375 281.4210510253906 275.276123046875 289.86663818359375 276.6069641113281 275.239990234375 271.7046203613281 276.569091796875 270.8859558105469 274.1458740234375 271.7492980957031 274.08428955078125 270.671630859375 271.7081604003906 268.8570251464844 270.63604736328125 266.4339904785156 277.3859558105469 273.80328369140625 278.6658020019531 273.7049865722656 273.7514953613281 270.8541564941406 273.6716003417969 270.2121887207031 271.5633544921875 266.84326171875 270.644287109375 260.8118591308594 266.80712890625 258.7520446777344 260.77752685546875 237.55162048339844 275.99871826171875 271.1763000488281 281.9461669921875 270.29547119140625 271.1415710449219 266.3916015625 270.2598876953125 260.41168212890625 271.39617919921875 268.15655517578125 270.182861328125 264.6747131347656 268.1205139160156 263.0564270019531 264.6407775878906 253.6941680908203 273.95782470703125 270.98272705078125 274.8492126464844 269.80218505859375 270.9450378417969 267.6141662597656 269.7671203613281 264.2438049316406 275.9580993652344 271.1573486328125 281.9073791503906 270.26544189453125 271.12261962890625 266.41143798828125 270.229736328125 260.3987121582031 285.7300720214844 275.6025390625 325.1187438964844 281.5987548828125 275.57061767578125 270.72760009765625 281.564453125 269.882080078125 273.9245300292969 270.994140625 274.8182067871094 269.78564453125 270.95635986328125 267.7239685058594 269.7499084472656 264.2569885253906 277.6670837402344 273.5442199707031 284.3823547363281 274.464599609375 273.5059509277344 270.5262756347656 274.42828369140625 269.3677062988281 ]
(1, 1)
[168.11558532714844 174.65786743164062 165.19680786132812 168.12733459472656 164.7571563720703 167.90811157226562 161.9254608154297 164.97213745117188 167.9649200439453 172.54283142089844 165.83973693847656 167.82688903808594 165.6426239013672 167.7084503173828 163.7966766357422 165.60267639160156 164.7300567626953 167.8831024169922 161.8967742919922 164.9414825439453 160.66017150878906 164.49359130859375 155.57638549804688 161.6541748046875 165.61428833007812 167.67745971679688 163.76576232910156 165.5641326904297 163.32347106933594 165.33238220214844 160.7932891845703 163.48171997070312 167.23484802246094 169.531005859375 165.52890014648438 167.06517028808594 165.33233642578125 166.94677734375 163.612548828125 165.28775024414062 167.46885681152344 169.18731689453125 165.86985778808594 167.03819274902344 165.84963989257812 167.01205444335938 164.45274353027344 165.61753845214844 165.30638122558594 166.91932678222656 163.58465576171875 165.25054931640625 163.13975524902344 165.01808166503906 160.66236877441406 163.2978057861328 165.81869506835938 166.97357177734375 164.4149169921875 165.54576110839844 164.18063354492188 165.37548828125 162.3026123046875 163.97079467773438 164.6913299560547 167.83848571777344 161.84963989257812 164.8837432861328 160.6257781982422 164.45640563964844 155.5386505126953 161.61253356933594 165.56614685058594 167.5948486328125 163.69381713867188 165.43809509277344 163.28526306152344 165.28660583496094 160.74838256835938 163.4253692626953 160.5974578857422 164.42530822753906 155.50791931152344 161.5740966796875 150.2142333984375 160.36517333984375 134.3136749267578 155.26849365234375 163.2586669921875 165.24925231933594 160.71478271484375 163.35430908203125 159.51116943359375 162.89186096191406 154.2645721435547 160.30166625976562 165.2567138671875 166.8330841064453 163.51068115234375 165.12359619140625 163.10594177246094 164.97325134277344 160.62167358398438 163.2423858642578 165.71556091308594 166.588134765625 164.2386932373047 164.99478149414062 164.13555908203125 165.31304931640625 162.2439727783203 163.87811279296875 163.07546997070312 164.9373779296875 160.58544921875 163.17417907714844 159.3809356689453 162.70864868164062 154.16212463378906 160.17198181152344 164.09835815429688 165.24127197265625 162.17352294921875 163.57843017578125 161.71603393554688 163.11300659179688 157.75379943847656 161.01438903808594 172.39559936523438 201.2344512939453 165.10464477539062 172.3487091064453 164.88133239746094 172.2115936279297 159.106689453125 164.91827392578125 168.89881896972656 177.6520233154297 165.57943725585938 168.78224182128906 165.4413604736328 168.68580627441406 162.59906005859375 165.35292053222656 164.85568237304688 172.19076538085938 159.07936096191406 164.89169311523438 158.63877868652344 164.6656494140625 145.02369689941406 158.8669891357422 165.41419982910156 168.65899658203125 162.57135009765625 165.32327270507812 162.3458251953125 165.177734375 157.6769561767578 162.3299102783203 168.07278442382812 174.17230224609375 165.2440185546875 167.9555206298828 165.1063690185547 167.859375 162.40577697753906 165.0177764892578 167.4609832763672 170.13021850585938 165.65867614746094 167.2224578857422 165.55841064453125 167.15528869628906 163.8360137939453 165.3907928466797 165.0787353515625 167.83213806152344 162.37745666503906 164.98780822753906 162.15188598632812 164.84234619140625 157.54083251953125 162.13734436035156 165.52989196777344 167.1251220703125 163.80612182617188 165.35653686523438 163.66073608398438 165.2459259033203 161.283203125 163.5228271484375 164.82144165039062 172.16018676757812 159.04176330566406 164.85240173339844 158.60568237304688 164.6328582763672 144.9895782470703 158.83116149902344 165.3753204345703 168.61692810058594 162.52682495117188 165.27052307128906 162.31040954589844 165.140625 157.6394500732422 162.28907775878906 158.5784912109375 164.60577392578125 144.96189880371094 158.80148315429688 143.76161193847656 158.36456298828125 82.54411315917969 144.76315307617188 162.2838897705078 165.11134338378906 157.61376953125 162.25621032714844 157.17832946777344 162.0263214111328 143.90573120117188 157.3486785888672 165.0409393310547 167.79029846191406 162.3343963623047 164.93577575683594 162.11888122558594 164.80641174316406 157.5079345703125 162.09825134277344 165.4828643798828 167.0623016357422 163.7458038330078 165.2633056640625 163.62326049804688 165.2034149169922 161.24192810058594 163.4723358154297 162.09042358398438 164.77630615234375 157.47821044921875 162.06417846679688 157.04296875 161.8343963623047 143.80030822753906 157.2145538330078 163.59373474121094 165.1693572998047 161.208984375 163.42788696289062 160.981689453125 163.25404357910156 156.2443084716797 160.82777404785156 ]
(1, 2)
[95.80438995361328 88.06869506835938 88.04417419433594 68.85108947753906 101.47179412841797 95.45125579833984 95.3492660522461 87.6640396118164 100.8660888671875 94.91593170166016 94.97802734375 86.96356201171875 109.62674713134766 100.57516479492188 100.55156707763672 94.3114242553711 97.01820373535156 91.74768829345703 91.73192596435547 80.54864501953125 101.52429962158203 96.6728744506836 96.4268798828125 91.1410903930664 99.62662506103516 95.33516693115234 95.57189178466797 88.91292572021484 106.70531463623047 99.76779174804688 99.77653503417969 93.92022705078125 94.98534393310547 80.97541046142578 80.9533462524414 36.224369049072266 105.90408325195312 94.6480712890625 94.60368347167969 80.6462631225586 105.61478424072266 94.37047576904297 94.3726577758789 80.3209457397461 133.30038452148438 105.33969116210938 105.31607055664062 93.95053100585938 96.94140625 90.25340270996094 90.23441314697266 77.05560302734375 102.90164947509766 96.52982330322266 96.4657211303711 89.8224105834961 102.29613494873047 96.03471374511719 96.0875244140625 89.16124725341797 114.44803619384766 102.01915740966797 102.00376892089844 95.45437622070312 ]
(1, 3)
[43.796878814697266 26.993295669555664 58.93257141113281 43.33446502685547 52.827308654785156 38.02536392211914 77.66996765136719 51.924835205078125 34.90555953979492 7.758718490600586 48.07632827758789 34.00496292114258 44.347862243652344 31.583812713623047 54.506473541259766 41.9367790222168 ]
(1, 4)
[-2.0551984310150146 25.377174377441406 ]
(2, 0)
[102.49794006347656 136.64031982421875 115.79368591308594 184.49493408203125 89.80313873291016 116.52098083496094 83.37384033203125 120.80491638183594 80.73377990722656 106.73779296875 79.84651184082031 117.30188751220703 57.78675842285156 94.24598693847656 19.349124908447266 85.05327606201172 ]
(2, 1)
[56.53059005737305 83.97160339355469 59.27591323852539 86.68997192382812 58.03639221191406 84.27572631835938 21.860395431518555 84.37230682373047 76.88066864013672 98.30216979980469 84.2259521484375 112.61125183105469 81.81277465820312 105.78009033203125 83.08714294433594 139.3575897216797 ]
(2, 2)
[39.72415542602539 8.065727233886719 55.26096725463867 37.41141891479492 56.66020202636719 38.959346771240234 89.15457916259766 54.49470138549805 43.97001647949219 26.9600830078125 50.181400299072266 38.11721420288086 53.29751968383789 42.01018142700195 64.71456909179688 48.46631622314453 ]
(2, 3)
[-2.99662709236145 24.48885726928711 ]
(2, 4)
[-1.2742764949798584 22.397016525268555 ]
(3, 0)
[-3.3999929428100586 45.5163688659668 ]
(3, 1)
[-4.001230239868164 30.687458038330078 ]
(3, 2)
[-3.8333747386932373 23.23911476135254 ]
(3, 3)
[23.528532028198242 -1.5138013362884521 ]
