(8,8)
8 8 2 0 0 0 0 0 
4 1 1 0 0 0 0 0 
0 0 0 0 0 0 0 0 
0 0 0 0 0 0 0 0 
0 0 0 0 0 0 0 0 
0 0 0 0 0 0 0 0 
0 0 0 0 0 0 0 0 
0 0 0 0 0 0 0 0 
(0, 0)
[588.758056640625 781.1874389648438 633.6703491210938 649.6649169921875 417.97491455078125 814.0439453125 627.8143310546875 811.1608276367188 359.6605224609375 406.8290100097656 559.1851806640625 577.3589477539062 344.5468444824219 387.138916015625 500.15411376953125 515.7965698242188 746.8040771484375 875.8133544921875 694.8407592773438 791.0883178710938 783.25341796875 876.6044311523438 741.5774536132812 819.3019409179688 418.4941711425781 820.457275390625 631.1165161132812 955.2564697265625 406.95989990234375 811.1841430664062 621.3549194335938 726.5963134765625 675.8128662109375 1257.2451171875 645.55712890625 987.390380859375 473.32183837890625 984.8552856445312 790.8707885742188 1126.71826171875 369.274169921875 814.922119140625 574.86572265625 1086.892578125 345.54205322265625 451.78936767578125 510.4205322265625 869.3819580078125 788.3298950195312 954.2559204101562 734.4633178710938 1297.0693359375 786.2673950195312 881.0029296875 748.5470581054688 950.5045166015625 512.5403442382812 1258.412353515625 978.510986328125 1721.975341796875 408.9737548828125 825.2059936523438 634.0678100585938 1041.385986328125 669.8307495117188 1270.1484375 636.9380493164062 836.8909301757812 428.998046875 879.794189453125 650.6531982421875 1084.8939208984375 368.54620361328125 800.8699951171875 570.3550415039062 1070.270751953125 344.743896484375 401.0184020996094 501.3528747558594 598.7291259765625 786.8373413085938 952.4551391601562 731.3614501953125 1317.782470703125 784.1571655273438 878.0692749023438 742.9992065429688 861.5993041992188 512.0562133789062 1259.073486328125 977.947265625 1728.6895751953125 408.3369445800781 822.0926513671875 630.4119873046875 1017.6097412109375 1316.9752197265625 1394.5570068359375 836.3309936523438 1357.198486328125 882.4904174804688 1278.6995849609375 1104.8868408203125 1237.407958984375 797.1466674804688 1419.56103515625 1071.1585693359375 1681.5924072265625 361.2235412597656 921.05322265625 595.0160522460938 1230.0823974609375 1347.134765625 1426.8763427734375 1383.3636474609375 1573.0340576171875 850.9596557617188 975.8088989257812 844.175048828125 1304.3531494140625 1557.0714111328125 1727.066650390625 1738.7947998046875 1769.1016845703125 511.443115234375 1260.2236328125 1068.527587890625 1694.6964111328125 714.4190673828125 1125.1075439453125 646.3546142578125 987.78173828125 682.794189453125 991.9981689453125 798.372314453125 1112.937744140625 375.5740051269531 870.63720703125 575.3088989257812 1083.7247314453125 352.4906921386719 682.6574096679688 511.33551025390625 877.1774291992188 950.2977905273438 989.5308837890625 754.2562866210938 1131.6826171875 960.415771484375 983.354248046875 780.9403076171875 984.0457153320312 706.5745239257812 1041.445556640625 979.0771484375 1643.6116943359375 661.7930297851562 976.2208251953125 660.0439453125 1008.490966796875 1293.69775390625 1359.2913818359375 988.1027221679688 1179.8212890625 1058.11328125 1141.8934326171875 1129.3126220703125 1142.285400390625 813.0612182617188 1385.4210205078125 1087.5589599609375 1437.6217041015625 424.4997253417969 1068.340087890625 869.4240112304688 1143.3406982421875 1200.6380615234375 1234.7423095703125 1345.76171875 1494.0947265625 980.273681640625 1002.4979248046875 987.5279541015625 1143.3690185546875 1502.51123046875 1646.518798828125 1730.7763671875 1760.4671630859375 725.9345703125 1049.421630859375 1082.302001953125 1410.9034423828125 1312.093017578125 1387.874267578125 836.5996704101562 1354.9923095703125 911.3572387695312 1168.6434326171875 1103.520751953125 1233.604248046875 798.3416748046875 1413.3428955078125 1071.1124267578125 1680.69775390625 367.89984130859375 940.1340942382812 595.69189453125 1227.0374755859375 1203.2210693359375 1238.87841796875 1376.044189453125 1559.2352294921875 968.5299682617188 991.6581420898438 861.3307495117188 1176.47998046875 1505.6639404296875 1651.4676513671875 1737.6614990234375 1767.8902587890625 710.258544921875 1043.0802001953125 1065.16455078125 1623.8074951171875 1395.3165283203125 1396.3795166015625 1357.4527587890625 1381.165283203125 1301.9449462890625 1311.535400390625 1237.90869140625 1240.0067138671875 1420.2559814453125 1439.2247314453125 1681.6820068359375 1698.4495849609375 922.8803100585938 1330.054443359375 1230.486328125 1296.2310791015625 1465.763916015625 1467.000244140625 1574.4945068359375 1577.5006103515625 1222.199951171875 1238.2100830078125 1331.96826171875 1368.185791015625 1735.50146484375 1737.94677734375 1769.220947265625 1769.60546875 1492.907958984375 1621.66064453125 1702.6422119140625 1721.7926025390625 ]
(0, 1)
[-246.68092346191406 -234.31826782226562 -161.25234985351562 -25.183917999267578 -204.52734375 -23.989131927490234 -11.768077850341797 31.66843032836914 -128.12344360351562 -121.07597351074219 -49.74360656738281 -19.753629684448242 -64.14871215820312 -11.161042213439941 -7.453546524047852 10.335455894470215 -114.20156860351562 -41.8458137512207 -31.736988067626953 22.134611129760742 -19.25164794921875 28.802156448364258 1.0587326288223267 30.377153396606445 -70.447265625 -54.906333923339844 -31.856508255004883 -8.369393348693848 -16.616392135620117 7.236820697784424 -6.321712017059326 10.24400806427002 -246.64230346679688 -231.42706298828125 -159.69589233398438 -2.9923017024993896 -202.17922973632812 -0.1939927488565445 -5.126974582672119 53.81983184814453 -128.10081481933594 -119.36670684814453 -49.43292999267578 -7.708792209625244 -63.39387893676758 5.5672926902771 -6.279252529144287 28.604915618896484 -114.19422149658203 -41.61174011230469 -31.706531524658203 22.433408737182617 -19.17320442199707 29.121868133544922 1.143143892288208 30.69721221923828 -70.44621276855469 -54.83919906616211 -31.8521671295166 -8.206500053405762 -16.603389739990234 7.471191883087158 -6.3070902824401855 10.48405933380127 -245.35545349121094 -158.94772338867188 -120.621826171875 62.34283447265625 -143.29197692871094 63.70600128173828 42.909759521484375 73.67201232910156 -128.034423828125 -114.60606384277344 -48.75754928588867 7.923548221588135 -61.651302337646484 22.981708526611328 -4.417366027832031 41.835289001464844 -102.79727172851562 34.39617919921875 -5.888141632080078 54.515037536621094 21.875837326049805 56.111328125 34.271400451660156 56.39727783203125 -70.29839324951172 -46.801414489746094 -31.378238677978516 3.62276029586792 -15.37724781036377 20.180644989013672 -5.077162265777588 22.788114547729492 -242.2698516845703 -52.642425537109375 -47.42131423950195 149.6967010498047 -49.13804626464844 150.7490997314453 127.5545883178711 155.93704223632812 -126.20991516113281 -12.25952434539795 -25.3446044921875 230.56544494628906 -9.662124633789062 252.0561065673828 67.72364807128906 262.6536865234375 -102.26077270507812 37.78453826904297 -4.307357311248779 57.87533187866211 24.396577835083008 59.49319076538086 36.81485366821289 59.77796936035156 -70.21306610107422 -41.91204071044922 -31.029260635375977 13.843031883239746 -14.3474702835083 33.48210144042969 -3.9227726459503174 36.300682067871094 -246.2607421875 -205.2471466064453 -145.81103515625 68.56267547607422 -181.03102111816406 72.35176849365234 30.921829223632812 100.63678741455078 -128.07952880859375 -117.79753875732422 -49.186771392822266 -0.13987092673778534 -62.77470397949219 15.107112884521484 -5.483447551727295 37.59843063354492 -113.17121887207031 -18.52292251586914 -28.315185546875 41.52939987182617 -11.21342945098877 47.907169342041016 8.811104774475098 49.183128356933594 -70.43301391601562 -54.05010986328125 -31.805822372436523 -6.705358505249023 -16.47552490234375 9.388219833374023 -6.172211170196533 12.398847579956055 -243.15988159179688 -68.55250549316406 -58.688087463378906 180.94229125976562 -63.23312759399414 182.59173583984375 146.919921875 190.15821838378906 -126.25440216064453 -13.256895065307617 -25.65907859802246 238.0955810546875 -10.21319580078125 261.23321533203125 67.84759521484375 272.6121826171875 -112.58145141601562 -4.9913554191589355 -25.969486236572266 56.36570739746094 -5.638998031616211 63.21541976928711 14.701011657714844 64.47008514404297 -70.34757232666016 -48.72739028930664 -31.45476722717285 5.7560529708862305 -15.42711353302002 26.834489822387695 -4.994103908538818 30.221426010131836 -214.2747039794922 90.71661376953125 82.99066162109375 134.6881103515625 88.96742248535156 134.80905151367188 131.82156372070312 135.42388916015625 -124.51626586914062 27.67376136779785 -10.685830116271973 178.2209014892578 15.955991744995117 185.962158203125 84.7903823852539 189.8277587890625 -48.5706672668457 86.2245101928711 58.03583526611328 90.85134887695312 78.90316009521484 91.23481750488281 83.0135726928711 91.2934341430664 -69.1532974243164 -2.9328718185424805 -27.42398452758789 54.47357940673828 -5.186184883117676 69.71670532226562 5.562562465667725 71.32197570800781 -71.06267547607422 192.8975830078125 190.48175048828125 201.17202758789062 192.312255859375 201.19619750976562 200.5509490966797 201.30029296875 -14.323115348815918 307.207763671875 267.0205078125 322.3219299316406 296.1939392089844 322.7783508300781 310.39495849609375 322.97186279296875 -24.64800453186035 115.53883361816406 86.83245849609375 119.5474624633789 107.99510955810547 119.9048843383789 111.63710021972656 119.95536804199219 -62.42162322998047 140.18350219726562 -2.179975986480713 210.068359375 55.58531188964844 226.07623291015625 70.990966796875 227.35586547851562 ]
(0, 2)
[-39.966068267822266 7.537016868591309 -3.6826417446136475 42.33702087402344 ]
(1, 0)
[-154.5736541748047 -29.817909240722656 -20.648305892944336 2.997051954269409 -120.18678283691406 18.3338623046875 38.77286911010742 47.51892852783203 -81.9234848022461 -38.957183837890625 -39.76616668701172 26.05695343017578 -58.71870803833008 114.58812713623047 125.77042388916016 147.3911895751953 ]
(1, 1)
[-18.29120445251465 27.698516845703125 ]
(1, 2)
[-12.483985900878906 20.585460662841797 ]
