(8,8)
6 4 3 1 0 0 0 0 
3 2 2 0 0 0 0 0 
1 1 1 0 0 0 0 0 
0 0 0 0 0 0 0 0 
0 0 0 0 0 0 0 0 
0 0 0 0 0 0 0 0 
0 0 0 0 0 0 0 0 
0 0 0 0 0 0 0 0 
(0, 0)
[1438.432861328125 1864.7894287109375 907.9840087890625 372.889892578125 877.4071655273438 782.8125 752.8793334960938 1492.78125 307.21551513671875 339.5295104980469 210.09848022460938 1595.87109375 659.7339477539062 1145.845703125 1321.18310546875 847.7723388671875 1547.133544921875 970.5926513671875 1649.8358154296875 2028.7305908203125 1676.5086669921875 565.8206787109375 1985.3680419921875 1729.613037109375 1520.1810302734375 109.12019348144531 687.6215209960938 181.54043579101562 1291.9468994140625 1901.114990234375 502.12042236328125 1762.8289794921875 1061.082275390625 627.5888671875 1352.135009765625 1236.509765625 1569.8388671875 278.71295166015625 535.0426025390625 1031.88916015625 1408.522705078125 148.8125 1178.96533203125 1119.2596435546875 1465.925048828125 470.5282897949219 998.9664306640625 1620.9034423828125 1264.073974609375 1379.299560546875 1828.26953125 73.9375 719.253173828125 1703.2423095703125 1794.2703857421875 939.8206787109375 244.4795379638672 409.6781921386719 441.3111267089844 597.2294921875 1091.4488525390625 817.1898193359375 1940.163818359375 1208.0828857421875 ]
(0, 1)
[439.7156066894531 195.06504821777344 529.7265014648438 308.46209716796875 255.6946258544922 -371.6250915527344 366.73626708984375 97.18848419189453 -195.20217895507812 -2.999213457107544 602.1135864257812 22.5054988861084 -99.98757934570312 144.51834106445312 -38.96200942993164 56.23894119262695 ]
(0, 2)
[-83.84182739257812 -194.16622924804688 255.19854736328125 -28.454788208007812 27.71435546875 68.96846771240234 0.4372771978378296 129.9202880859375 ]
(0, 3)
[-8.066964149475098 47.737239837646484 ]
(1, 0)
[191.11349487304688 -169.8741455078125 -355.7610778808594 -8.098357200622559 -65.65431213378906 32.465415954589844 352.8643798828125 92.03074645996094 ]
(1, 1)
[119.4068374633789 -90.7935562133789 -8.655293464660645 32.178550720214844 ]
(1, 2)
[-59.97592544555664 26.287866592407227 92.52586364746094 -4.313167572021484 ]
(2, 0)
[-15.999852180480957 67.40808868408203 ]
(2, 1)
[42.31679916381836 -11.130705833435059 ]
(2, 2)
[32.55854034423828 -8.31186580657959 ]
