(8,8)
7 6 4 4 3 2 1 0 
5 4 4 3 2 2 0 0 
3 3 3 3 2 1 0 0 
2 2 2 2 2 0 0 0 
1 1 1 1 0 0 0 0 
0 0 0 0 0 0 0 0 
0 0 0 0 0 0 0 0 
0 0 0 0 0 0 0 0 
(0, 0)
[2.625 21.72916603088379 39.16015625 55.14189147949219 72.36309814453125 63.61111068725586 80.94390869140625 94.1816635131836 113.2936019897461 103.42317962646484 124.11996459960938 136.14109802246094 147.47215270996094 163.1444854736328 176.56004333496094 191.11056518554688 206.8116912841797 222.56207275390625 239.5706787109375 257.90924072265625 277.04083251953125 296.89739990234375 318.0057373046875 338.7314453125 359.8751525878906 379.3534851074219 396.5087585449219 411.67681884765625 426.8300476074219 442.0490417480469 455.7728271484375 468.3875732421875 481.5354919433594 494.9122009277344 510.529296875 526.0928955078125 542.3558959960938 559.20654296875 576.3799438476562 593.4369506835938 609.0617065429688 624.5463256835938 640.2584228515625 654.5451049804688 668.866943359375 684.6736450195312 698.5005493164062 712.1502685546875 727.37353515625 742.3779907226562 756.7470703125 771.9208374023438 787.9234619140625 804.9171142578125 822.840087890625 839.699951171875 856.7432250976562 874.23486328125 892.7173461914062 911.9254760742188 932.268798828125 952.573974609375 972.82763671875 991.6648559570312 1009.5827026367188 1026.5892333984375 1043.4940185546875 1061.23095703125 1097.17822265625 1079.6732177734375 1112.3428955078125 1126.013916015625 1140.33154296875 1153.7161865234375 1166.9876708984375 1180.3345947265625 1192.2088623046875 1204.8433837890625 1215.885009765625 1227.237548828125 1237.8651123046875 1248.1817626953125 1259.168701171875 1279.7587890625 1269.863525390625 1289.4776611328125 1299.6832275390625 1311.521240234375 1323.458251953125 1335.190185546875 1348.1446533203125 1360.9554443359375 1374.6292724609375 1388.875 1403.12060546875 1418.5567626953125 1435.3919677734375 1451.18212890625 1466.367431640625 1482.6666259765625 1499.1376953125 1515.504638671875 1533.2210693359375 1554.248291015625 1575.331298828125 1595.1826171875 1615.5889892578125 1636.3162841796875 1654.2593994140625 1671.01318359375 1686.5496826171875 1702.5150146484375 1718.45654296875 1735.5030517578125 1755.9334716796875 1775.003662109375 1795.60302734375 1819.3203125 1841.7835693359375 1868.1307373046875 1895.3250732421875 1922.48291015625 1945.37890625 1964.2310791015625 1986.437744140625 2007.4410400390625 2022.15087890625 2039.5457763671875 ]
(0, 1)
[-432.1180419921875 -282.9969482421875 -184.4419403076172 -112.32402038574219 -64.03665161132812 -29.924901962280273 -5.418452262878418 6.756950855255127 20.936357498168945 36.677696228027344 53.47959899902344 71.29495239257812 90.29495239257812 110.21009063720703 128.8314666748047 147.8022918701172 167.35353088378906 185.854248046875 204.3837890625 222.73936462402344 240.74668884277344 258.4580993652344 275.0605163574219 291.11334228515625 305.9737854003906 318.8595275878906 329.7497863769531 342.9223937988281 356.2110595703125 367.4295349121094 379.5912170410156 390.44451904296875 398.9928283691406 407.5133972167969 416.37017822265625 425.72119140625 432.709228515625 436.56878662109375 440.582763671875 444.8497314453125 451.04376220703125 456.78240966796875 463.13214111328125 469.7347106933594 475.63836669921875 486.3899230957031 502.2107849121094 514.1653442382812 532.6675415039062 551.1884765625 560.2815551757812 567.2653198242188 582.7261352539062 596.3402099609375 622.7114868164062 650.0 651.0 671.4631958007812 678.01220703125 700.1671752929688 705.0 706.0 726.7649536132812 766.5106201171875 ]
(0, 2)
[-258.2465515136719 -135.5758514404297 -68.02112579345703 -28.971086502075195 -3.612555980682373 9.954706192016602 27.353435516357422 49.18375778198242 75.4649887084961 106.94503021240234 145.34605407714844 188.65289306640625 239.5893096923828 296.36590576171875 375.07373046875 472.8641662597656 ]
(0, 3)
[-153.76296997070312 -63.81742858886719 -23.383699417114258 -2.321057081222534 6.741486549377441 16.711715698242188 29.69280242919922 45.760169982910156 65.3743896484375 87.54052734375 110.83365631103516 139.6303253173828 177.47560119628906 217.73629760742188 269.50506591796875 332.1986999511719 ]
(0, 4)
[-85.30682373046875 -25.15378761291504 -1.0912944078445435 13.147932052612305 30.97885513305664 58.54866027832031 103.6833724975586 201.15350341796875 ]
(0, 5)
[-6.181028366088867 11.593695640563965 39.905494689941406 105.36714935302734 ]
(0, 6)
[-2.5481185913085938 29.501901626586914 ]
(1, 0)
[-422.8155822753906 -255.58682250976562 -155.2487335205078 -88.8940658569336 -41.84134292602539 -8.19787883758545 12.030254364013672 35.00373077392578 61.134735107421875 88.96603393554688 121.1164779663086 155.8639678955078 191.44602966308594 228.21534729003906 265.173828125 298.8522644042969 332.09124755859375 367.009033203125 399.54962158203125 430.2063293457031 458.9844665527344 484.3623962402344 504.3055114746094 522.2315063476562 540.3677368164062 561.3970947265625 574.4169921875 578.0 584.767822265625 591.627197265625 609.0137329101562 653.0755615234375 ]
(1, 1)
[-190.382568359375 -102.234130859375 -52.51938247680664 -21.48531723022461 -1.3404953479766846 13.536530494689941 31.22114372253418 52.18031311035156 75.39636993408203 101.12007904052734 130.78553771972656 162.83738708496094 239.25552368164062 197.83575439453125 301.88555908203125 381.45697021484375 ]
(1, 2)
[-129.7183074951172 -61.11299514770508 -24.45354461669922 -2.844189167022705 6.9065446853637695 18.20520782470703 32.87474822998047 51.1573371887207 71.63251495361328 97.00900268554688 126.8121337890625 161.02099609375 206.48550415039062 263.36663818359375 341.0 357.3587646484375 ]
(1, 3)
[-84.16902923583984 -27.438560485839844 -2.027062177658081 11.868804931640625 28.033306121826172 49.885047912597656 84.85547637939453 150.11215209960938 ]
(1, 4)
[-41.63097381591797 -2.323122262954712 19.694538116455078 66.90563201904297 ]
(1, 5)
[-4.791479110717773 10.164631843566895 33.23495101928711 83.33818054199219 ]
(2, 0)
[-216.8636474609375 -99.00199890136719 -37.397647857666016 -2.3960518836975098 24.846343994140625 67.25677490234375 134.47482299804688 254.0115966796875 ]
(2, 1)
[-110.33329010009766 -39.89603042602539 -5.637906074523926 9.28107738494873 29.441720962524414 57.6923713684082 101.11817932128906 183.1039276123047 ]
(2, 2)
[-84.72103881835938 -30.73895263671875 -3.726635217666626 8.27737808227539 23.47702980041504 43.99073791503906 76.5748291015625 135.38523864746094 ]
(2, 3)
[-67.55148315429688 -22.446714401245117 -1.4004448652267456 10.927968978881836 27.009965896606445 48.27970886230469 79.81599426269531 134.93792724609375 ]
(2, 4)
[-32.297264099121094 -1.1035027503967285 19.16463279724121 58.64678192138672 ]
(2, 5)
[-2.459923267364502 28.673376083374023 ]
(3, 0)
[-82.06425476074219 -5.318594455718994 32.54214096069336 128.34579467773438 ]
(3, 1)
[-53.705718994140625 -3.6591033935546875 23.99781608581543 84.72431182861328 ]
(3, 2)
[-42.21009826660156 -2.7193377017974854 19.605609893798828 66.18193054199219 ]
(3, 3)
[-30.282888412475586 -0.8742305040359497 19.779138565063477 59.50211715698242 ]
(3, 4)
[-4.680362224578857 7.792476177215576 28.217071533203125 69.34044647216797 ]
(4, 0)
[-6.649270057678223 45.124244689941406 ]
(4, 1)
[-6.251776218414307 28.57140350341797 ]
(4, 2)
[-4.70227575302124 26.904674530029297 ]
(4, 3)
[-2.799459934234619 28.085826873779297 ]
