(8,8)
7 5 4 3 2 1 0 0 
4 4 3 3 2 0 0 0 
3 3 3 2 1 0 0 0 
2 2 2 1 0 0 0 0 
0 0 0 0 0 0 0 0 
0 0 0 0 0 0 0 0 
0 0 0 0 0 0 0 0 
0 0 0 0 0 0 0 0 
(0, 0)
[663.100830078125 752.0250244140625 1816.800048828125 339.13751220703125 146.02777099609375 1145.9415283203125 1016.9495849609375 1311.892822265625 764.4479370117188 552.0255126953125 292.70159912109375 1529.14501953125 698.4214477539062 6.0 113.578125 2039.1624755859375 864.9365844726562 1839.986083984375 898.817138671875 1422.25634765625 579.6434936523438 1188.228759765625 1057.8690185546875 730.53271484375 777.3517456054688 1859.84716796875 181.875 1001.852294921875 1956.0865478515625 34.75 453.7924499511719 915.431640625 388.5520935058594 522.502685546875 403.7263488769531 883.0154418945312 1793.96875 1113.0843505859375 1971.25 1552.3690185546875 951.0860595703125 1403.01220703125 789.641845703125 2.625 1218.073486328125 742.4249877929688 1238.23486328125 221.98707580566406 1196.9375 1099.964599609375 1331.6297607421875 1753.5303955078125 306.3189697265625 817.5192260742188 566.8262329101562 488.6886901855469 1682.013916015625 1731.2083740234375 629.9910888671875 1882.426513671875 1993.5103759765625 469.80859375 707.6419067382812 278.9264831542969 358.8666687011719 640.8380737304688 235.4326934814453 1045.2847900390625 1249.904296875 1386.2896728515625 1441.674560546875 1086.88427734375 718.3080444335938 97.796875 933.9801025390625 81.73863983154297 651.4571533203125 128.84722900390625 1464.1904296875 847.4148559570312 252.1770782470703 1580.0909423828125 1136.9222412109375 1166.5406494140625 970.9359741210938 1072.8482666015625 804.9557495117188 325.5677185058594 57.0 686.4178466796875 1349.967041015625 26.875 1369.892822265625 194.04464721679688 1485.275390625 507.1842041015625 1708.0189208984375 421.7337951660156 165.609375 1228.121826171875 675.0886840820312 832.1935424804688 1906.394287109375 1607.0 987.2373046875 1264.9124755859375 1295.446044921875 606.0093994140625 1504.6134033203125 1631.2882080078125 538.4555053710938 437.8843688964844 265.38067626953125 619.7357788085938 1124.157470703125 592.7589111328125 1774.0792236328125 1927.926513671875 1178.4083251953125 2018.3238525390625 1208.11279296875 1155.691650390625 1030.7705078125 64.875 1277.86474609375 374.5946960449219 1656.7213134765625 206.63194274902344 ]
(0, 1)
[332.9093017578125 509.4830322265625 178.08087158203125 694.0 -399.3506164550781 428.19171142578125 13.147320747375488 219.8691864013672 403.79901123046875 678.01220703125 -112.57022857666016 366.95947265625 763.0 103.63970184326172 259.7759094238281 773.2020263671875 716.4319458007812 68.94024658203125 632.242431640625 737.0979614257812 39.06177520751953 -47.069149017333984 593.7223510742188 700.1671752929688 -213.65707397460938 391.2298889160156 140.84803771972656 559.0806274414062 759.8192138671875 474.3388366699219 296.0138854980469 -6.874475479125977 ]
(0, 2)
[529.44384765625 -38.2247200012207 351.3776550292969 27.37047576904297 156.20945739746094 251.68646240234375 208.62205505371094 79.15986633300781 117.15664672851562 -97.14173126220703 52.13932418823242 282.45550537109375 433.77166748046875 8.488606452941895 -229.31643676757812 -5.722262859344482 ]
(0, 3)
[28.657400131225586 -38.7822380065918 9.908027648925781 107.2420425415039 58.09626770019531 -4.516039848327637 -127.44148254394531 182.51821899414062 ]
(0, 4)
[74.30846405029297 21.1820125579834 -3.128513813018799 -53.99589538574219 ]
(0, 5)
[-4.564901828765869 30.561918258666992 ]
(1, 0)
[529.2172241210938 25.189647674560547 151.86880493164062 203.33718872070312 375.0570983886719 313.9154052734375 61.22660446166992 -109.42507934570312 263.2716979980469 -45.86417770385742 -215.72760009765625 104.15255737304688 -399.6901550292969 -5.110054016113281 450.2337646484375 649.6194458007812 ]
(1, 1)
[-98.1119155883789 244.14706420898438 15.601106643676758 196.44664001464844 -0.10057637840509415 134.10597229003906 105.200927734375 -18.597070693969727 314.9439392089844 55.63939666748047 -187.39743041992188 78.76863861083984 34.51997756958008 -47.02450180053711 154.30702209472656 431.6071472167969 ]
(1, 2)
[-38.641685485839844 -104.92598724365234 57.886940002441406 30.568525314331055 -4.785765647888184 167.76060485839844 98.16673278808594 10.591736793518066 ]
(1, 3)
[-84.46420288085938 -2.1237525939941406 81.01786804199219 27.297130584716797 -26.722745895385742 48.37898254394531 11.477350234985352 146.57101440429688 ]
(1, 4)
[16.93482208251953 -2.53853178024292 -42.21955108642578 58.62699890136719 ]
(2, 0)
[131.87741088867188 239.77191162109375 67.95769500732422 -2.8567936420440674 -99.71466064453125 -38.226993560791016 -228.09243774414062 24.603281021118164 ]
(2, 1)
[28.98838233947754 8.94724178314209 -5.913183689117432 171.1492462158203 -114.80297088623047 55.78458023071289 -39.82181167602539 95.20935821533203 ]
(2, 2)
[41.948883056640625 -30.319355010986328 71.91551208496094 -81.37423706054688 134.89405822753906 7.799594402313232 22.056562423706055 -3.8921825885772705 ]
(2, 3)
[19.464370727539062 -40.97452163696289 -2.5429160594940186 65.39237213134766 ]
(2, 4)
[-4.5904436111450195 26.123380661010742 ]
(3, 0)
[33.07224655151367 -77.77692413330078 -5.519862174987793 132.87057495117188 ]
(3, 1)
[84.19407653808594 23.59238624572754 -3.8180036544799805 -51.04697036743164 ]
(3, 2)
[19.68427848815918 -2.7467703819274902 -44.00914764404297 65.9923324584961 ]
(3, 3)
[-4.883847236633301 26.586835861206055 ]
