(8,8)
8 8 5 3 3 2 0 0 
6 5 3 3 2 1 0 0 
3 3 3 2 2 1 0 0 
2 2 2 2 1 0 0 0 
1 1 1 1 0 0 0 0 
0 0 0 0 0 0 0 0 
0 0 0 0 0 0 0 0 
0 0 0 0 0 0 0 0 
(0, 0)
[967.8558959960938 987.3905639648438 942.06005859375 977.9786987304688 940.3285522460938 971.0377197265625 853.133544921875 941.4024658203125 929.8358764648438 968.3934936523438 846.3091430664062 940.4939575195312 846.6934204101562 952.578369140625 280.20391845703125 847.0307006835938 983.2320556640625 997.1884155273438 973.8787231445312 989.5682373046875 973.3742065429688 975.0067138671875 938.7457885742188 964.1095581054688 962.1555786132812 982.4497680664062 930.8927612304688 968.3497314453125 931.716552734375 962.8741455078125 830.2774658203125 921.3804321289062 970.74169921875 999.804931640625 964.6320190429688 1029.9666748046875 954.9185791015625 973.2696533203125 910.3818359375 967.268310546875 935.5928955078125 972.1255493164062 900.6485595703125 970.9710083007812 877.8560180664062 913.7454223632812 692.55224609375 897.6031494140625 996.5221557617188 1014.9268188476562 986.4810791015625 1016.5023803710938 997.8936767578125 999.9774780273438 964.4812622070312 986.1080932617188 969.2269897460938 1005.17431640625 945.9077758789062 1010.04931640625 948.82666015625 968.588134765625 897.4229125976562 954.1762084960938 954.9378662109375 960.5303344726562 940.5143432617188 932.3118286132812 946.7971801757812 954.8927612304688 906.6126098632812 939.0703735351562 900.813232421875 925.0501098632812 876.2399291992188 913.96923828125 874.7362670898438 894.4835815429688 754.7122802734375 860.77685546875 985.2435913085938 991.2086181640625 981.2636108398438 976.7705078125 986.340576171875 979.8123779296875 946.08447265625 960.6547241210938 943.135498046875 950.4318237304688 913.2758178710938 935.606201171875 926.3196411132812 941.4469604492188 800.1212158203125 889.336669921875 949.765869140625 958.0728759765625 929.1204223632812 967.139892578125 939.3143920898438 925.377197265625 885.101806640625 937.2693481445312 845.5801391601562 874.94384765625 846.654296875 917.8419189453125 743.0830688476562 631.4794311523438 511.40399169921875 830.174072265625 992.8779296875 991.9985961914062 964.3829956054688 989.1559448242188 1042.5726318359375 991.23681640625 963.9767456054688 973.708984375 928.9512939453125 951.4589233398438 831.62158203125 949.416748046875 926.43212890625 917.7037963867188 853.9674682617188 921.2220458984375 1011.9219360351562 1032.627197265625 1004.7074584960938 1057.642333984375 1000.1106567382812 1038.5782470703125 964.4906616210938 1006.2622680664062 994.0931396484375 1049.3974609375 962.6207275390625 1015.941650390625 984.616943359375 1207.9586181640625 873.281494140625 989.1961059570312 1041.3984375 1034.9954833984375 1033.319580078125 1040.272705078125 1026.9627685546875 1022.196533203125 997.9755859375 1008.1494750976562 1018.2454223632812 1043.8897705078125 997.8049926757812 1041.6346435546875 996.9597778320312 1034.625732421875 954.7921142578125 994.3526611328125 1029.301513671875 1093.3184814453125 1053.774169921875 1364.4315185546875 1021.2147827148438 1049.9664306640625 994.60986328125 1055.3267822265625 1009.7183837890625 1131.760986328125 993.9293212890625 1094.6253662109375 979.5213012695312 1035.1663818359375 928.3133544921875 999.5341186523438 1057.9974365234375 1110.8704833984375 1063.4605712890625 1123.524658203125 1097.493896484375 1087.0101318359375 1028.391357421875 1044.913818359375 1037.2117919921875 1178.0712890625 1035.40625 1261.919921875 1018.6201782226562 1046.011474609375 985.0516967773438 1035.727294921875 1003.6007690429688 1003.9136352539062 1006.6528930664062 1008.6710205078125 1007.62841796875 1015.4329833984375 977.5732421875 992.2290649414062 976.3630981445312 993.9740600585938 962.7051391601562 984.945068359375 966.2642822265625 1000.1221313476562 921.056640625 961.9186401367188 1047.907958984375 1027.548095703125 1145.32666015625 1035.22314453125 1083.273681640625 1029.25537109375 1024.5870361328125 1008.2181396484375 1001.6110229492188 1008.3465576171875 997.3217163085938 1003.1737060546875 999.4222412109375 1000.4046630859375 957.203125 977.1087036132812 1017.2418212890625 1022.9722900390625 1006.5066528320312 1056.7926025390625 1061.0703125 1015.568359375 988.8961181640625 1004.993408203125 971.7837524414062 993.80810546875 959.817626953125 1000.6712646484375 954.35302734375 949.69580078125 900.539794921875 956.1538696289062 1095.6697998046875 1053.809326171875 1051.111083984375 1073.0177001953125 1517.337158203125 1095.2841796875 1076.3006591796875 1033.9652099609375 1012.3930053710938 1030.11328125 988.1904907226562 1038.51513671875 1055.1031494140625 1011.111083984375 977.0073852539062 994.2716064453125 ]
(0, 1)
[206.06842041015625 198.638671875 198.78468322753906 166.9369659423828 208.6975860595703 198.3335418701172 198.9619598388672 169.23399353027344 184.15298461914062 159.61627197265625 164.08204650878906 6.28527307510376 197.2405242919922 185.5624237060547 187.86294555664062 153.14730834960938 204.9835662841797 195.52203369140625 205.63938903808594 177.48216247558594 203.0672607421875 185.53695678710938 189.76528930664062 87.8143539428711 186.07017517089844 169.90365600585938 185.29998779296875 150.3997344970703 191.8892059326172 179.8153076171875 186.73980712890625 140.3622589111328 228.55279541015625 233.54891967773438 226.548095703125 213.50221252441406 232.55502319335938 219.83766174316406 218.76803588867188 206.73638916015625 207.59251403808594 201.9167022705078 202.02108764648438 174.74632263183594 211.7543487548828 206.05764770507812 206.6494140625 194.60232543945312 224.8026123046875 218.4629364013672 253.53826904296875 214.7830810546875 219.8210906982422 211.12356567382812 218.3671875 195.82089233398438 207.22702026367188 201.03848266601562 211.1111602783203 195.0025634765625 208.34698486328125 202.78323364257812 207.1189422607422 194.19908142089844 198.39378356933594 190.04934692382812 193.43629455566406 154.3099365234375 203.20143127441406 191.19784545898438 192.7655487060547 129.20309448242188 156.25755310058594 143.1230010986328 150.83970642089844 -60.167747497558594 189.56007385253906 179.68911743164062 182.6288299560547 142.4369659423828 198.3491973876953 194.343994140625 200.53912353515625 184.54660034179688 201.47860717773438 193.87611389160156 196.8294219970703 172.12249755859375 166.3745880126953 161.34945678710938 176.60281372070312 145.06192016601562 183.85186767578125 173.83177185058594 181.6436309814453 165.83590698242188 218.15545654296875 217.38348388671875 222.18682861328125 212.998779296875 217.61679077148438 212.63780212402344 214.16708374023438 201.67794799804688 199.69656372070312 193.58836364746094 196.98556518554688 165.25912475585938 205.49610900878906 201.74771118164062 203.49981689453125 191.16983032226562 215.5740203857422 213.1422576904297 222.46243286132812 211.7142333984375 213.48562622070312 209.71690368652344 214.02919006347656 204.61593627929688 199.21533203125 197.10342407226562 203.4872283935547 192.03158569335938 202.1227569580078 200.1605682373047 204.01097106933594 196.84326171875 212.70533752441406 222.2742462158203 212.4064178466797 205.1405792236328 212.9819793701172 211.77613830566406 209.8621368408203 201.2465362548828 187.46359252929688 178.07611083984375 189.1050262451172 163.71913146972656 199.73838806152344 196.01329040527344 198.25433349609375 188.2543487548828 202.44882202148438 197.77015686035156 208.40943908691406 199.1863250732422 206.14215087890625 201.61805725097656 204.9629364013672 188.2056121826172 165.44168090820312 111.89241027832031 186.86663818359375 173.15126037597656 192.82785034179688 184.5450439453125 195.2593231201172 184.7147979736328 245.60328674316406 331.88568115234375 248.8633575439453 251.00537109375 233.0857696533203 239.57057189941406 230.66207885742188 224.45883178710938 213.4845733642578 223.81959533691406 213.9613037109375 208.42420959472656 214.2767791748047 215.06793212890625 212.77745056152344 209.00094604492188 225.44383239746094 234.85169982910156 241.56570434570312 225.9854736328125 221.7935333251953 220.38111877441406 222.63937377929688 214.4095001220703 203.5685577392578 200.15785217285156 210.7386016845703 204.7574005126953 208.69468688964844 207.1948699951172 208.9244384765625 205.5634765625 204.2247772216797 205.04403686523438 212.41574096679688 205.6129608154297 208.58091735839844 205.93540954589844 207.72679138183594 196.88624572753906 167.18194580078125 150.40756225585938 183.2482147216797 152.50119018554688 194.14556884765625 190.4913787841797 195.94711303710938 184.72830200195312 185.92874145507812 197.5939178466797 203.59437561035156 200.89137268066406 202.1365203857422 201.95553588867188 203.97198486328125 198.15187072753906 52.33539962768555 155.65000915527344 172.60971069335938 171.69064331054688 177.49069213867188 186.92715454101562 191.98150634765625 188.133544921875 230.90936279296875 246.9518280029297 264.25384521484375 291.1385498046875 224.45748901367188 224.76300048828125 227.34605407714844 226.80995178222656 204.86485290527344 206.59548950195312 213.9521942138672 209.24098205566406 210.12960815429688 209.55406188964844 211.62646484375 207.72671508789062 215.39537048339844 221.16114807128906 228.17401123046875 228.25453186035156 214.63160705566406 216.20704650878906 218.23797607421875 216.11158752441406 186.44760131835938 198.97288513183594 205.0817413330078 203.90185546875 203.25408935546875 205.2938232421875 208.0792236328125 205.2218475341797 ]
(0, 2)
[33.43016052246094 55.99320602416992 84.96591186523438 79.67250061035156 -66.78427124023438 43.75950241088867 56.877864837646484 122.31204986572266 48.97954559326172 44.87345504760742 45.674808502197266 94.62236022949219 -1.2689119577407837 10.535799980163574 19.85483169555664 81.22042846679688 39.31172561645508 64.47416687011719 65.82718658447266 110.07454681396484 42.52619934082031 85.59769439697266 128.07432556152344 215.88572692871094 25.392990112304688 71.75494384765625 -22.100526809692383 80.97122955322266 31.27001953125 71.68810272216797 59.92765808105469 148.19854736328125 ]
(0, 3)
[74.2989730834961 36.399383544921875 3.2358577251434326 -13.401052474975586 -44.6257209777832 7.087543487548828 -2.4715332984924316 15.694076538085938 ]
(0, 4)
[17.13759422302246 -27.409048080444336 6.9098615646362305 -3.9358718395233154 33.61627197265625 109.2554931640625 68.98445129394531 47.799400329589844 ]
(0, 5)
[41.64442825317383 8.606359481811523 22.73583984375 -3.839404582977295 ]
(1, 0)
[250.09324645996094 295.839599609375 188.25303649902344 247.06088256835938 183.18955993652344 227.28768920898438 149.22808837890625 210.21424865722656 221.408935546875 260.09869384765625 142.83316040039062 195.52227783203125 198.70358276367188 215.98556518554688 153.66256713867188 177.31918334960938 175.67945861816406 242.97901916503906 119.73138427734375 177.60556030273438 -3.30224609375 165.16799926757812 -82.86956787109375 138.10751342773438 166.9105224609375 184.73480224609375 37.298213958740234 39.944793701171875 128.82208251953125 91.16197204589844 76.36199951171875 130.6493377685547 322.81842041015625 456.9403991699219 246.3750457763672 369.9693603515625 239.46713256835938 301.4095764160156 192.90469360351562 255.9394989013672 270.32049560546875 339.7684631347656 206.517578125 252.18589782714844 226.54148864746094 263.429931640625 201.9722900390625 215.64146423339844 245.96397399902344 437.3280334472656 162.37322998046875 247.5137939453125 158.34689331054688 243.2206573486328 15.466209411621094 177.19932556152344 205.8005828857422 254.79310607910156 64.52471160888672 162.52403259277344 164.02203369140625 198.32711791992188 99.50614166259766 116.91831970214844 ]
(1, 1)
[-17.718217849731445 0.18511956930160522 43.18673324584961 -41.338661193847656 57.01496124267578 32.67544174194336 131.7378387451172 83.80889892578125 -86.47657775878906 14.321690559387207 54.29977798461914 63.140098571777344 41.33213806152344 23.320697784423828 144.52993774414062 122.96842956542969 67.1763687133789 45.89937973022461 108.62118530273438 89.12364959716797 103.51634216308594 84.27410125732422 233.29287719726562 185.1953125 54.655479431152344 94.7386245727539 115.72650909423828 161.26290893554688 76.45569610595703 116.51319885253906 201.95181274414062 306.9712219238281 ]
(1, 2)
[14.586687088012695 43.17292404174805 1.0867128372192383 -13.749271392822266 109.0154037475586 65.74623107910156 26.536508560180664 -52.686012268066406 ]
(1, 3)
[103.2339859008789 12.278902053833008 47.233001708984375 70.02606201171875 37.46931457519531 -3.5239174365997314 57.15843200683594 23.93716049194336 ]
(1, 4)
[7.514833450317383 21.199588775634766 -5.434304237365723 46.37871170043945 ]
(1, 5)
[-4.201303005218506 10.044132232666016 ]
(2, 0)
[103.72162628173828 26.713624954223633 50.747337341308594 212.48153686523438 -31.933042526245117 0.4892187714576721 -93.42235565185547 72.35851287841797 ]
(2, 1)
[171.3086395263672 35.573368072509766 83.41506958007812 -40.510311126708984 29.209012985229492 -2.231315851211548 48.427093505859375 11.800965309143066 ]
(2, 2)
[114.88324737548828 -38.25300979614258 32.66132736206055 44.987335205078125 66.90243530273438 6.691388130187988 -4.039007186889648 17.77804946899414 ]
(2, 3)
[-26.683727264404297 -1.284559965133667 48.052120208740234 15.683882713317871 ]
(2, 4)
[48.86769104003906 -4.989577293395996 10.153440475463867 25.24521827697754 ]
(2, 5)
[-3.450932025909424 13.051902770996094 ]
(3, 0)
[51.89967727661133 -3.334703207015991 -44.21074676513672 10.807642936706543 ]
(3, 1)
[-6.773493766784668 7.95693826675415 27.606563568115234 63.24661636352539 ]
(3, 2)
[60.36699295043945 9.082439422607422 29.881175994873047 -6.335740566253662 ]
(3, 3)
[23.972030639648438 52.108985900878906 -5.897383213043213 8.888858795166016 ]
(3, 4)
[-1.446899652481079 24.648120880126953 ]
(4, 0)
[-3.8332748413085938 16.68508529663086 ]
(4, 1)
[18.06535530090332 -3.061476707458496 ]
(4, 2)
[21.55608558654785 -2.320028781890869 ]
(4, 3)
[24.082101821899414 -1.0185061693191528 ]
