(8,8)
8 8 5 3 3 2 0 0 
6 5 3 3 2 1 0 0 
3 3 3 2 2 1 0 0 
2 2 2 2 1 0 0 0 
1 1 1 1 0 0 0 0 
0 0 0 0 0 0 0 0 
0 0 0 0 0 0 0 0 
0 0 0 0 0 0 0 0 
(0, 0)
[631.0667114257812 551.1138305664062 403.6553649902344 638.6652221679688 1439.9927978515625 1393.5157470703125 959.6110229492188 1318.3416748046875 730.8460693359375 554.8133544921875 470.5832214355469 1204.237548828125 1138.7572021484375 968.3968505859375 725.3580322265625 1421.4674072265625 1482.378173828125 1203.6190185546875 1401.9522705078125 788.4088134765625 704.2987670898438 573.8200073242188 1334.108642578125 775.13720703125 1431.7811279296875 982.4234619140625 943.2249755859375 774.3806762695312 914.8442993164062 777.6762084960938 1079.1563720703125 831.4625854492188 818.3648681640625 716.6720581054688 1372.122314453125 1137.5562744140625 557.8098754882812 1489.4986572265625 922.3408203125 887.6124877929688 833.6239624023438 1177.6865234375 823.4041137695312 1056.562255859375 893.5728759765625 558.6138916015625 204.29452514648438 795.8488159179688 1533.6932373046875 1282.431640625 837.82177734375 1210.89501953125 956.759521484375 1305.420166015625 684.0230102539062 1011.1433715820312 527.087158203125 977.8452758789062 905.1142578125 918.7325439453125 1082.1895751953125 908.9840698242188 775.1854248046875 1464.620849609375 1294.2684326171875 933.5003051757812 871.2633666992188 957.5916748046875 972.7753295898438 496.01470947265625 1212.835205078125 719.1494750976562 1350.72802734375 1300.0858154296875 1116.323486328125 801.4201049804688 915.6719360351562 987.087890625 332.38812255859375 456.8807678222656 942.1182861328125 1294.14794921875 1065.9005126953125 1007.8993530273438 813.4495849609375 860.5831298828125 1288.2978515625 1026.8099365234375 1372.0606689453125 1319.8570556640625 686.885009765625 726.9398193359375 1038.5306396484375 1189.9354248046875 638.5516967773438 1331.13232421875 1420.67333984375 1376.4912109375 811.5674438476562 1136.4913330078125 536.0238037109375 913.1627197265625 1219.9039306640625 1249.3060302734375 1499.503662109375 947.5886840820312 1315.7969970703125 1481.640625 1262.42626953125 672.8364868164062 876.7491455078125 1169.08349609375 1453.9852294921875 1287.578369140625 436.5914611816406 785.2730712890625 1274.067626953125 1684.6468505859375 602.6932373046875 1617.0087890625 606.4031372070312 1486.0860595703125 813.9462280273438 845.1327514648438 724.6619262695312 1481.4449462890625 863.6950073242188 1802.7327880859375 545.8675537109375 1470.56103515625 465.43841552734375 1463.1346435546875 1004.3654174804688 1234.2738037109375 598.9237060546875 840.9656982421875 583.7978515625 1236.336181640625 716.9996948242188 647.90673828125 1477.90478515625 1547.1219482421875 1218.8662109375 1278.556640625 1028.6346435546875 857.6780395507812 589.5166015625 1252.4178466796875 855.0982055664062 1270.6964111328125 739.3643798828125 1418.8587646484375 678.1112060546875 796.314697265625 1161.4466552734375 1426.498046875 779.501708984375 799.814697265625 1276.8565673828125 812.5215454101562 1091.3387451171875 1159.885986328125 914.6936645507812 1389.202880859375 888.0114135742188 1280.8162841796875 1440.806884765625 621.2545776367188 1072.2342529296875 828.3362426757812 1403.282958984375 1094.31689453125 876.92578125 1086.0831298828125 757.3942260742188 1502.2060546875 1226.95458984375 502.6470642089844 424.2656555175781 532.8864135742188 826.8402709960938 914.1571655273438 1335.4859619140625 864.3367919921875 733.6530151367188 447.5183410644531 889.1944580078125 400.8619384765625 909.67431640625 684.182861328125 1387.796142578125 1041.5106201171875 1240.828857421875 944.5360107421875 1239.2548828125 564.5496826171875 605.5040283203125 741.4368896484375 680.7756958007812 615.9136962890625 1370.1673583984375 1057.699951171875 689.2845458984375 951.7847900390625 1012.423095703125 1342.4208984375 384.5303039550781 556.4742431640625 845.7616577148438 541.4747314453125 1510.4254150390625 1410.61376953125 1045.9088134765625 874.6560668945312 1476.6856689453125 1287.1461181640625 1360.874755859375 519.9138793945312 1133.0296630859375 1365.0538330078125 617.9404296875 1049.165771484375 1104.92529296875 1204.44287109375 1013.8961791992188 1442.98388671875 732.9115600585938 975.1600952148438 554.5657348632812 1316.3621826171875 821.07470703125 1300.035888671875 1193.60986328125 1423.053955078125 1237.8143310546875 1296.470947265625 621.80908203125 1073.5633544921875 1011.2245483398438 1171.4488525390625 581.6571044921875 1389.581298828125 409.5787353515625 1160.9879150390625 544.9074096679688 810.9247436523438 1230.1312255859375 1575.363037109375 1409.664794921875 468.0364990234375 499.54974365234375 413.5665588378906 1332.4151611328125 589.2049560546875 855.5993041992188 594.7877197265625 ]
(0, 1)
[380.19622802734375 470.6475830078125 244.21102905273438 210.21397399902344 440.0157165527344 368.3019104003906 250.90052795410156 292.6255798339844 392.2828369140625 292.099365234375 346.964111328125 460.6162414550781 395.4984130859375 493.1044921875 521.039306640625 279.3576965332031 268.6012268066406 228.7742919921875 181.75143432617188 489.99981689453125 261.760009765625 271.3022155761719 472.9373779296875 189.85687255859375 325.8591613769531 493.0741882324219 259.53131103515625 508.572265625 267.03448486328125 347.206298828125 219.258056640625 158.27491760253906 205.31607055664062 355.3818359375 445.8162536621094 468.5404052734375 314.2352294921875 181.5634002685547 400.7013854980469 349.7366943359375 183.7691650390625 274.2423400878906 374.9094543457031 478.790283203125 339.8099060058594 331.6192321777344 517.2175903320312 395.3335876464844 186.63087463378906 201.43023681640625 458.45391845703125 334.6907958984375 334.8836669921875 330.2821960449219 572.84716796875 443.0931396484375 355.6852722167969 446.4462585449219 321.7237854003906 389.3519287109375 496.64959716796875 269.6993713378906 210.53756713867188 512.4885864257812 158.80113220214844 453.8658447265625 -0.3516201674938202 141.9781036376953 377.1123352050781 410.2044372558594 -156.3694305419922 217.5962371826172 152.6978302001953 414.88623046875 219.87242126464844 479.8750915527344 236.13929748535156 421.2888488769531 395.21307373046875 394.4815979003906 167.78672790527344 355.69696044921875 195.88169860839844 306.2457580566406 427.1441650390625 515.7141723632812 193.0494842529297 369.8601379394531 202.25408935546875 324.4027099609375 437.6269226074219 438.07196044921875 394.6026916503906 370.7017517089844 281.05450439453125 221.8685302734375 302.477294921875 215.22036743164062 293.2900695800781 302.2252502441406 516.8439331054688 444.4751281738281 266.0557861328125 487.0843200683594 283.65045166015625 199.89596557617188 310.2212219238281 402.759521484375 517.194091796875 314.23663330078125 293.4212951660156 530.3345336914062 232.51805114746094 372.9143371582031 415.57012939453125 231.2015838623047 328.6498718261719 293.3323669433594 476.0753479003906 285.2553405761719 352.4095458984375 330.2167663574219 239.0885772705078 215.02645874023438 535.8364868164062 403.31414794921875 217.5942840576172 400.9244689941406 322.8587646484375 265.7129211425781 298.2308044433594 370.1075744628906 477.3200988769531 307.4615783691406 473.97601318359375 222.3533477783203 494.9443359375 243.22071838378906 499.5244445800781 219.83970642089844 449.6240539550781 192.417236328125 245.24850463867188 121.31060791015625 348.9747619628906 178.04302978515625 508.6393737792969 489.5083923339844 254.70635986328125 66.27159881591797 400.1650695800781 344.0618591308594 162.39279174804688 322.8779602050781 467.4881896972656 439.2151184082031 261.6099548339844 136.61871337890625 516.8568115234375 408.11090087890625 242.0832977294922 232.7905731201172 254.63038635253906 439.63922119140625 199.1998748779297 196.07444763183594 247.96444702148438 369.21453857421875 336.9186706542969 231.39590454101562 250.43711853027344 185.30198669433594 496.9437561035156 334.5091247558594 263.4192810058594 259.82659912109375 550.8136596679688 522.277099609375 573.9247436523438 494.24334716796875 392.13262939453125 305.25677490234375 584.4114990234375 614.0825805664062 287.6904296875 547.9025268554688 348.8304443359375 541.5425415039062 210.11563110351562 391.19366455078125 264.9526062011719 476.69036865234375 431.580810546875 326.16851806640625 255.39222717285156 338.4219055175781 447.4690246582031 353.21142578125 388.63201904296875 367.2472839355469 362.24176025390625 515.489501953125 374.8210754394531 265.5983581542969 474.7485656738281 504.60565185546875 215.56338500976562 271.60089111328125 344.89544677734375 278.6181945800781 488.9826354980469 389.7766418457031 380.19677734375 180.38583374023438 405.0774841308594 475.81103515625 167.4672393798828 439.99652099609375 299.4659423828125 246.04714965820312 300.44805908203125 222.4178009033203 391.7978515625 394.0565490722656 358.45513916015625 301.9308166503906 402.9313659667969 252.52969360351562 493.3476867675781 205.0145263671875 489.0367126464844 309.72637939453125 285.1059875488281 346.14208984375 481.43707275390625 296.8394775390625 326.64031982421875 304.9932556152344 309.7933654785156 482.2043151855469 469.99774169921875 515.6282958984375 510.2523498535156 285.2552795410156 408.8764953613281 473.68994140625 674.9796752929688 446.0155944824219 351.785888671875 215.55377197265625 263.22564697265625 330.6067199707031 360.1908874511719 181.2752227783203 504.94293212890625 373.2474060058594 ]
(0, 2)
[168.24234008789062 280.1787414550781 66.43800354003906 318.5372314453125 200.98428344726562 137.44479370117188 286.47705078125 298.4612121582031 123.38457489013672 254.3416290283203 0.8064265847206116 258.92462158203125 195.2407989501953 144.29660034179688 36.36951446533203 -83.9664535522461 299.05084228515625 343.0284729003906 169.89198303222656 407.59576416015625 456.1273193359375 335.87579345703125 244.31063842773438 227.93972778320312 370.84918212890625 164.88473510742188 349.9840087890625 322.4681396484375 238.3388671875 101.50384521484375 381.3229064941406 320.13427734375 ]
(0, 3)
[532.9312744140625 125.13032531738281 363.5392761230469 -3.981590509414673 36.15311050415039 180.9049072265625 71.25281524658203 270.3080749511719 ]
(0, 4)
[194.174560546875 13.803373336791992 143.0424041748047 27.797971725463867 102.4612045288086 74.70504760742188 49.574981689453125 -7.2947211265563965 ]
(0, 5)
[-1.0451520681381226 62.19200134277344 18.651309967041016 -34.44091033935547 ]
(1, 0)
[326.330322265625 181.77760314941406 488.6773376464844 122.10794830322266 241.5440216064453 50.44226837158203 459.2318115234375 124.77592468261719 211.5814971923828 395.6324768066406 195.32562255859375 156.0917510986328 326.6154479980469 391.5774841308594 598.5109252929688 261.88397216796875 156.4166717529297 351.569580078125 226.33560180664062 185.42388916015625 423.8320007324219 227.7505340576172 258.3799743652344 268.4991455078125 237.1371307373047 241.6444091796875 184.73680114746094 428.8307800292969 303.4625549316406 307.7107849121094 482.602783203125 361.4375 432.4189758300781 365.9929504394531 367.4508056640625 457.28192138671875 417.3892822265625 382.5497741699219 248.5888214111328 5.277023792266846 205.8793182373047 462.8145751953125 288.59771728515625 465.132080078125 235.71875 159.55043029785156 468.9692687988281 155.8744659423828 147.19619750976562 158.1949005126953 -96.78941345214844 88.95845031738281 523.5650024414062 439.8826599121094 323.51263427734375 266.8521423339844 425.91534423828125 382.11285400390625 170.1749725341797 195.1686248779297 569.7913208007812 397.1055603027344 286.43829345703125 332.5531311035156 ]
(1, 1)
[137.19879150390625 285.7206115722656 101.04452514648438 77.40514373779297 146.96817016601562 113.57511138916016 117.98497772216797 1.038258671760559 282.78594970703125 196.01670837402344 237.61911010742188 230.6875762939453 218.80239868164062 322.8905334472656 132.34376525878906 240.8063201904297 56.95673751831055 172.22451782226562 190.56114196777344 233.66749572753906 34.19466781616211 305.9279479980469 -67.92425537109375 94.60424041748047 261.1370849609375 252.32350158691406 104.47602844238281 85.73685455322266 228.1075439453125 383.418212890625 251.981689453125 183.18594360351562 ]
(1, 2)
[294.9765319824219 132.56141662597656 43.066009521484375 228.25076293945312 180.69479370117188 77.7867431640625 1.5056074857711792 -50.67825698852539 ]
(1, 3)
[51.86814880371094 -29.17424774169922 127.85983276367188 77.4227523803711 2.761688470840454 28.595247268676758 99.40010833740234 175.04383850097656 ]
(1, 4)
[39.54313278198242 89.55935668945312 -8.178462982177734 11.985696792602539 ]
(1, 5)
[22.929832458496094 -4.47930908203125 ]
(2, 0)
[262.71185302734375 -2.8634958267211914 186.5714874267578 98.64900207519531 378.49267578125 45.83631896972656 552.2608642578125 -94.52027893066406 ]
(2, 1)
[111.77220916748047 21.15495491027832 75.96221923828125 384.04547119140625 25.482751846313477 -12.018424987792969 162.87376403808594 238.8934783935547 ]
(2, 2)
[211.30068969726562 76.52719116210938 26.24663543701172 103.8049545288086 141.17921447753906 -42.833335876464844 47.67763137817383 -0.49306875467300415 ]
(2, 3)
[18.29998016357422 -38.044471740722656 -1.8051252365112305 56.70165252685547 ]
(2, 4)
[8.045013427734375 28.852941513061523 66.24299621582031 -7.404598236083984 ]
(2, 5)
[20.519001007080078 -3.9156267642974854 ]
(3, 0)
[148.51255798339844 16.748348236083984 64.9969482421875 -17.642696380615234 ]
(3, 1)
[-1.7311652898788452 -44.09379577636719 28.59529685974121 81.07809448242188 ]
(3, 2)
[82.5848159790039 -10.16320514678955 9.590960502624512 37.12675476074219 ]
(3, 3)
[-0.6405730247497559 18.141843795776367 52.7508659362793 -30.400463104248047 ]
(3, 4)
[22.801795959472656 -4.239169120788574 ]
(4, 0)
[-7.574193000793457 39.613990783691406 ]
(4, 1)
[-6.573861598968506 27.95937156677246 ]
(4, 2)
[-4.894710540771484 28.916372299194336 ]
(4, 3)
[23.19748306274414 -4.214595317840576 ]
