m
o
d
e
l
 
f
o
r
 
e
=
0
.
0
0
5
(8,8)
8 7 4 3 2 1 0 0 
5 4 3 2 1 0 0 0 
3 3 2 2 1 0 0 0 
2 2 2 1 0 0 0 0 
0 0 0 0 0 0 0 0 
0 0 0 0 0 0 0 0 
0 0 0 0 0 0 0 0 
0 0 0 0 0 0 0 0 
(0, 0)
[1473.8699951171875 1782.7437744140625 741.2465209960938 702.9979858398438 687.208984375 1034.0894775390625 1050.370361328125 776.5502319335938 1507.4329833984375 1019.0801391601562 1057.1998291015625 1155.690673828125 1171.04833984375 1421.7330322265625 1038.5245361328125 1092.047119140625 904.8635864257812 977.8999633789062 644.3633422851562 1109.1195068359375 743.45703125 1206.1773681640625 883.0641479492188 808.7428588867188 926.7013549804688 1120.0545654296875 1203.0269775390625 1346.708740234375 1457.8961181640625 949.9930419921875 1243.105224609375 1659.1336669921875 1377.4505615234375 1389.7388916015625 839.06396484375 1051.2799072265625 705.467041015625 1192.668212890625 705.7225952148438 745.2626953125 1067.94140625 1497.8580322265625 172.6556854248047 529.8914184570312 693.2562255859375 1231.5511474609375 321.0872497558594 766.837646484375 502.55352783203125 853.0870971679688 963.5760498046875 1442.399658203125 644.6537475585938 1451.2779541015625 468.8550720214844 483.7958984375 763.627197265625 556.4378051757812 1147.1990966796875 877.7814331054688 1328.8734130859375 1542.3714599609375 602.0868530273438 939.967529296875 594.925537109375 1331.670654296875 1190.0447998046875 685.2034301757812 657.4583129882812 1393.35302734375 975.37109375 1049.206298828125 764.1810913085938 868.6549072265625 1255.3951416015625 1156.9002685546875 795.246826171875 1099.6619873046875 1455.8531494140625 579.46044921875 1345.0181884765625 709.7647094726562 1359.5057373046875 586.98681640625 932.0136108398438 1173.7110595703125 514.7294921875 1193.81787109375 1020.9588012695312 598.4741821289062 713.72412109375 1160.718017578125 785.8824462890625 1471.64697265625 1238.4241943359375 1440.0726318359375 815.9334716796875 1183.8182373046875 851.9518432617188 617.6552734375 1124.9652099609375 1559.5523681640625 922.3040161132812 1036.925048828125 797.3604736328125 589.7251586914062 1076.21240234375 1376.5296630859375 455.86968994140625 1336.23046875 1110.8917236328125 1044.177001953125 735.8961181640625 660.267578125 1205.372314453125 1199.7740478515625 1485.1177978515625 1425.2862548828125 1097.779296875 1220.6466064453125 830.7158203125 558.3709106445312 841.3484497070312 845.73779296875 692.6336059570312 1293.45703125 475.7803649902344 547.6853637695312 1183.1826171875 1060.7838134765625 1364.14794921875 899.1173095703125 1317.974609375 1021.4447021484375 663.5579223632812 547.5662231445312 1466.0469970703125 1047.7978515625 988.5802612304688 1334.7298583984375 596.7001953125 525.8744506835938 404.8642883300781 907.3443603515625 1286.5504150390625 906.0547485351562 1212.1319580078125 583.531494140625 1306.747314453125 1026.66748046875 1428.0943603515625 1169.8468017578125 1320.2181396484375 1536.8758544921875 1128.1141357421875 561.14208984375 992.35400390625 1367.6322021484375 1397.1219482421875 1518.734130859375 756.1689453125 900.0806884765625 693.8034057617188 1380.30810546875 1094.66796875 949.4512329101562 874.5333251953125 452.38201904296875 922.3228149414062 1460.0111083984375 951.2297973632812 1333.528076171875 877.0322875976562 1129.502685546875 476.1667175292969 834.189697265625 494.337158203125 1123.353271484375 1053.912109375 1222.523681640625 512.8277587890625 1497.3736572265625 452.96771240234375 749.636962890625 1068.8897705078125 1331.13916015625 1379.6982421875 552.7250366210938 1020.8505249023438 1058.27197265625 1333.9093017578125 698.4180908203125 470.0688781738281 461.0501403808594 745.7916259765625 558.7353515625 420.0533752441406 580.5542602539062 1023.9786376953125 1266.440185546875 1042.0855712890625 859.1080932617188 1308.4305419921875 473.43731689453125 619.7589721679688 869.7152099609375 474.22674560546875 731.4237670898438 1239.684326171875 476.5472717285156 1503.9356689453125 1089.044921875 718.1701049804688 1109.3414306640625 569.2793579101562 670.4386596679688 775.6087646484375 587.2788696289062 995.8025512695312 594.9028930664062 1318.9290771484375 1400.1337890625 1096.6044921875 747.6947021484375 848.3265991210938 1103.1917724609375 878.2678833007812 821.083251953125 1224.6572265625 550.211669921875 596.6187133789062 1346.9716796875 1059.4022216796875 1038.9019775390625 960.071533203125 1138.0809326171875 899.4078979492188 1060.00341796875 781.4825439453125 1512.7723388671875 1031.5484619140625 1234.8193359375 584.5126953125 745.7759399414062 610.0430297851562 785.9765014648438 684.4761962890625 1340.8863525390625 996.642333984375 688.869140625 761.3464965820312 637.3407592773438 906.0789184570312 538.6688842773438 884.26220703125 811.957275390625 ]
(0, 1)
[270.0536193847656 135.56997680664062 460.7091369628906 445.139404296875 422.0942687988281 304.3125305175781 489.9834899902344 494.817138671875 343.98565673828125 267.393310546875 240.37374877929688 408.1817321777344 374.4996643066406 198.42422485351562 417.6241455078125 343.58685302734375 311.1105041503906 354.2629089355469 493.4590148925781 270.1557312011719 513.6461791992188 196.77719116210938 180.86398315429688 224.44256591796875 274.6285400390625 327.72406005859375 357.18927001953125 404.02471923828125 531.3720703125 284.1727294921875 168.92173767089844 308.5223083496094 431.07208251953125 299.80804443359375 426.9053955078125 404.8567810058594 545.4852905273438 437.9346618652344 265.1031494140625 533.3515014648438 216.155029296875 403.0045471191406 448.0787048339844 565.404541015625 234.95108032226562 446.15582275390625 520.4933471679688 361.2564697265625 290.8597106933594 85.26981353759766 170.1441192626953 14.571839332580566 558.6392822265625 521.8496704101562 223.73538208007812 376.2289123535156 384.9647521972656 384.2712097167969 416.6487121582031 264.8636169433594 258.4721984863281 255.90977478027344 312.7153625488281 -43.765769958496094 491.1041259765625 219.24783325195312 388.962158203125 295.1795654296875 261.5570068359375 503.6964111328125 438.1752014160156 232.0565643310547 536.92626953125 420.4725036621094 391.2174072265625 368.86932373046875 237.04116821289062 -202.080322265625 341.93756103515625 422.9959411621094 492.19464111328125 523.604736328125 458.0203552246094 321.7862548828125 264.4350891113281 464.6385803222656 446.308349609375 446.9543762207031 432.5810852050781 531.1621704101562 347.8609619140625 417.46282958984375 346.2689208984375 338.9913635253906 470.02423095703125 393.0072326660156 383.1311950683594 254.53421020507812 573.9176025390625 502.2872314453125 210.80178833007812 466.82940673828125 296.7861633300781 177.8201141357422 399.07763671875 248.19046020507812 674.9042358398438 415.0648498535156 220.72906494140625 199.39710998535156 506.5325012207031 223.37713623046875 409.5332946777344 234.80145263671875 450.8403015136719 183.51007080078125 198.51795959472656 452.2322082519531 461.7184143066406 523.4896850585938 308.3941650390625 351.1981201171875 390.8033447265625 375.5602111816406 363.2684020996094 185.38525390625 614.0667724609375 340.4064636230469 ]
(0, 2)
[234.02906799316406 170.4403533935547 253.5528106689453 204.03797912597656 -69.2957763671875 229.12411499023438 258.2664794921875 131.10269165039062 83.32466125488281 276.87152099609375 2.047755479812622 40.115196228027344 231.4386749267578 291.0820617675781 415.8106994628906 340.25311279296875 ]
(0, 3)
[90.98271179199219 532.83349609375 -3.796673059463501 152.23231506347656 -63.347450256347656 259.98480224609375 21.933889389038086 74.90399932861328 ]
(0, 4)
[23.83881950378418 76.26441955566406 -2.5221850872039795 -46.45759963989258 ]
(0, 5)
[-4.138607025146484 30.967426300048828 ]
(1, 0)
[213.9853515625 236.4133758544922 325.2207336425781 414.366455078125 -138.02793884277344 -8.444993019104004 229.9080352783203 196.6951446533203 414.94659423828125 297.0213928222656 210.28562927246094 520.1030883789062 77.12999725341797 439.21295166015625 80.2877426147461 366.57305908203125 285.0933532714844 351.5683898925781 305.06121826171875 466.83306884765625 249.48641967773438 38.247066497802734 590.0326538085938 154.2775115966797 212.9413604736328 179.93209838867188 243.4131622314453 247.64036560058594 131.18362426757812 354.2376708984375 112.50676727294922 382.29608154296875 ]
(1, 1)
[351.5830078125 231.1384735107422 140.78932189941406 268.81683349609375 207.90155029296875 117.26451110839844 137.0769500732422 47.540794372558594 229.7623291015625 -33.546321868896484 156.3269805908203 73.42859649658203 10.137506484985352 92.15926361083984 185.9539337158203 169.36776733398438 ]
(1, 2)
[72.02002716064453 177.3862762451172 251.93841552734375 105.26226806640625 -43.5225830078125 139.32945251464844 37.399662017822266 2.5846214294433594 ]
(1, 3)
[36.33412551879883 4.090978622436523 -25.17702865600586 88.1920166015625 ]
(1, 4)
[-5.8847784996032715 28.924726486206055 ]
(2, 0)
[158.16061401367188 53.50223922729492 338.0042419433594 462.5033264160156 0.7367343902587891 -79.98777770996094 93.02690887451172 234.02784729003906 ]
(2, 1)
[-8.159639358520508 146.34521484375 30.254154205322266 384.5796203613281 97.09751892089844 54.537506103515625 195.2899169921875 267.7056884765625 ]
(2, 2)
[11.924782752990723 105.4247055053711 46.9132080078125 -13.034375190734863 ]
(2, 3)
[32.912845611572266 87.39665985107422 1.068001627922058 -30.69215965270996 ]
(2, 4)
[24.140758514404297 -5.244333744049072 ]
(3, 0)
[124.60086822509766 -64.38168334960938 41.6712646484375 -2.210970401763916 ]
(3, 1)
[95.28436279296875 -36.83518600463867 36.71151351928711 0.9503836035728455 ]
(3, 2)
[-10.408904075622559 9.416297912597656 36.83047103881836 81.22333526611328 ]
(3, 3)
[26.32708168029785 -5.277443885803223 ]
