(8,8)
8 7 4 3 2 1 0 0 
5 4 3 2 1 0 0 0 
3 3 2 2 1 0 0 0 
2 2 2 1 0 0 0 0 
0 0 0 0 0 0 0 0 
0 0 0 0 0 0 0 0 
0 0 0 0 0 0 0 0 
0 0 0 0 0 0 0 0 
(0, 0)
[1629.8919677734375 1753.57568359375 1100.4498291015625 1476.0382080078125 1271.9296875 2064.519775390625 1432.777587890625 1157.9771728515625 1587.1131591796875 1836.1531982421875 1724.3660888671875 1092.8134765625 1939.2139892578125 1834.274169921875 1523.7757568359375 1790.7158203125 960.085205078125 1695.949462890625 1413.5386962890625 1360.0433349609375 1116.587890625 1919.244384765625 1181.2265625 976.975830078125 914.5958251953125 846.9274291992188 -343.40643310546875 1121.0208740234375 987.7890014648438 611.1111450195312 1146.8052978515625 999.3687133789062 1631.4600830078125 1389.418701171875 1602.65087890625 1047.4439697265625 685.6220703125 1793.0484619140625 1685.2972412109375 765.9459228515625 974.6914672851562 1782.671630859375 511.9980163574219 631.6673583984375 1185.9091796875 589.8721923828125 1053.681396484375 380.5369567871094 750.3660278320312 1857.7716064453125 921.9373779296875 1811.2740478515625 1627.6541748046875 1669.352294921875 1006.6345825195312 1634.1199951171875 680.0782470703125 950.1856079101562 654.6163940429688 1557.402099609375 1353.5423583984375 627.8128051757812 963.3116455078125 1601.6990966796875 2051.816650390625 1869.8433837890625 737.144287109375 831.6008911132812 1025.6767578125 804.4829711914062 1899.3968505859375 1905.1888427734375 2098.63427734375 1059.9337158203125 1738.0797119140625 1216.48193359375 2071.58984375 1760.7225341796875 1808.7164306640625 2009.3951416015625 1879.0279541015625 910.7030029296875 1336.2286376953125 1142.2037353515625 1225.30419921875 972.6205444335938 886.9343872070312 943.5184326171875 1957.7562255859375 1247.9110107421875 1065.1832275390625 1489.76025390625 1930.7276611328125 1144.79052734375 1142.0440673828125 966.2739868164062 891.2324829101562 1686.0023193359375 1362.70751953125 1137.9287109375 774.290771484375 1355.4910888671875 1095.320556640625 1469.263427734375 1217.2725830078125 1306.4359130859375 907.523681640625 1751.2344970703125 886.813232421875 1289.68310546875 54.4079704284668 769.0922241210938 1256.6080322265625 771.7637939453125 1522.722412109375 1977.8885498046875 1455.8990478515625 751.8703002929688 1270.5059814453125 1537.84423828125 1025.3389892578125 1668.9591064453125 1383.3734130859375 2419.5380859375 1892.19873046875 1713.4892578125 687.1316528320312 1971.139404296875 1446.5101318359375 1083.1859130859375 1280.887939453125 793.1243286132812 870.2125244140625 1445.097900390625 583.0211791992188 722.6431884765625 1499.4349365234375 1747.81396484375 575.3229370117188 1595.025146484375 1155.7667236328125 1123.372314453125 574.3159790039062 985.091796875 979.4385375976562 1177.7998046875 798.2317504882812 1417.0941162109375 887.420166015625 1307.5009765625 1629.328857421875 1906.625 1860.25634765625 1448.8731689453125 1120.4432373046875 976.1246948242188 2004.0765380859375 1378.4912109375 1132.9853515625 1692.307373046875 1374.5677490234375 719.6915893554688 1938.8011474609375 1802.8636474609375 634.7510375976562 953.642822265625 688.5469970703125 1071.7171630859375 1578.232666015625 976.14794921875 759.7127075195312 1117.5443115234375 1857.4752197265625 753.8091430664062 1106.5447998046875 485.7496032714844 1413.72216796875 1747.704345703125 1533.8731689453125 1603.5084228515625 1718.005615234375 1974.342529296875 1033.1346435546875 983.965576171875 1859.4549560546875 1223.634521484375 1401.2291259765625 750.5987548828125 1878.5521240234375 1398.09619140625 1794.5191650390625 1528.9617919921875 1890.485107421875 1815.411376953125 643.1271362304688 670.388916015625 1273.5181884765625 1677.18896484375 741.0958251953125 918.132568359375 791.7805786132812 1966.5826416015625 839.3750610351562 1692.622802734375 2057.943603515625 1981.04833984375 1975.2249755859375 1852.0196533203125 817.985107421875 1805.490234375 1756.5645751953125 1967.0604248046875 1743.3843994140625 1121.46240234375 832.2525634765625 1457.0294189453125 1280.421875 1990.1861572265625 694.1902465820312 1083.1767578125 2170.970703125 1015.874755859375 1809.60107421875 1070.446533203125 743.2515258789062 1100.61669921875 1320.8951416015625 1266.96728515625 1490.0882568359375 1245.5911865234375 1483.9853515625 1110.8538818359375 1008.6201171875 940.4618530273438 1562.831298828125 1071.0621337890625 665.375 1207.6243896484375 643.396240234375 1349.378662109375 1294.833251953125 1338.1673583984375 1786.5389404296875 2578.872314453125 1278.6229248046875 618.4931030273438 813.1069946289062 1471.2437744140625 1055.18310546875 770.3206176757812 1169.3175048828125 977.810546875 1244.13916015625 265.51690673828125 1629.126708984375 764.6237182617188 ]
(0, 1)
[96.83413696289062 104.3990478515625 58.87820053100586 98.13931274414062 95.95526885986328 40.44301223754883 80.48727416992188 90.68704986572266 48.54336166381836 83.5950698852539 52.754173278808594 37.58828353881836 112.91719055175781 100.45150756835938 104.16178894042969 80.13799285888672 85.07604217529297 67.6143798828125 73.11945343017578 49.053592681884766 67.47528076171875 4.155205726623535 57.53559494018555 41.35432434082031 98.48680114746094 45.85420608520508 108.11576080322266 39.97409439086914 67.63312530517578 67.63949584960938 83.85972595214844 52.35104751586914 78.20565032958984 69.92626953125 27.706052780151367 42.27480697631836 102.95907592773438 82.26579284667969 123.21235656738281 118.30733489990234 94.90496063232422 57.112701416015625 33.11339569091797 60.16656494140625 126.37574768066406 122.70577239990234 109.92955017089844 88.66748046875 97.24435424804688 46.7176513671875 103.30697631835938 37.31125259399414 56.99565887451172 93.61959075927734 101.872802734375 96.48475646972656 96.20026397705078 59.52846145629883 66.38565063476562 97.201904296875 82.00933837890625 78.63505554199219 101.17214965820312 44.086727142333984 88.17767333984375 80.78511810302734 30.907821655273438 47.68429946899414 84.02732849121094 101.7511215209961 90.36566925048828 111.63554382324219 116.77418518066406 74.5023193359375 110.4277572631836 77.79006958007812 143.14761352539062 130.31198120117188 125.75980377197266 75.63679504394531 95.88379669189453 98.17955780029297 87.88407135009766 105.50148010253906 103.07865142822266 55.57291030883789 89.2846908569336 53.65745162963867 84.08760070800781 106.88176727294922 109.58699035644531 98.29588317871094 122.80655670166016 109.95426177978516 80.40717315673828 77.92477416992188 80.26487731933594 82.5711898803711 -56.71449279785156 18.72358512878418 48.550926208496094 75.67672729492188 108.75296783447266 84.83490753173828 107.30227661132812 78.03404235839844 109.00927734375 64.51717376708984 58.557979583740234 118.9210205078125 112.7807846069336 87.6097412109375 105.66486358642578 59.34805679321289 45.05886459350586 29.79468536376953 54.0484619140625 64.36561584472656 77.46661376953125 58.12887191772461 48.55520248413086 74.19950866699219 97.4203872680664 66.0026626586914 61.14394760131836 72.12897491455078 48.07069778442383 -18.73310089111328 ]
(0, 2)
[18.811674118041992 -7.0366530418396 7.4288177490234375 81.30752563476562 54.40333557128906 44.15878677368164 41.825164794921875 28.44637107849121 65.3692626953125 43.22463607788086 23.457414627075195 93.4648666381836 73.07878112792969 36.19368362426758 -29.089479446411133 45.96887969970703 ]
(0, 3)
[29.920215606689453 -4.177587985992432 60.89142608642578 37.555564880371094 -18.96784019470215 5.888777256011963 14.524958610534668 21.586462020874023 ]
(0, 4)
[18.63801383972168 -1.0847876071929932 -13.034048080444336 8.131430625915527 ]
(0, 5)
[-6.419969081878662 6.049147605895996 ]
(1, 0)
[137.48585510253906 103.57467651367188 78.76174926757812 46.56370162963867 118.3685073852539 2.3017783164978027 112.58808135986328 29.615381240844727 79.56279754638672 98.6845703125 127.177001953125 107.5718994140625 87.71392059326172 99.60601043701172 153.57659912109375 39.2369270324707 -20.435161590576172 88.18384552001953 67.59693908691406 39.297386169433594 54.02138900756836 51.40187072753906 37.51921463012695 102.86090087890625 -59.5683479309082 100.00875854492188 13.088536262512207 68.0427474975586 92.28458404541016 21.30364227294922 91.39254760742188 58.75553894042969 ]
(1, 1)
[33.7996826171875 30.775989532470703 46.240333557128906 -12.79922866821289 39.479610443115234 27.80963706970215 66.18134307861328 53.04262924194336 -1.3191272020339966 9.085028648376465 13.726324081420898 24.056215286254883 16.006912231445312 20.659656524658203 -28.979358673095703 57.82615280151367 ]
(1, 2)
[15.367496490478516 9.620211601257324 27.716938018798828 20.783676147460938 -18.85956573486328 -6.094542503356934 35.376277923583984 3.0248396396636963 ]
(1, 3)
[-12.717520713806152 15.467625617980957 6.015754699707031 -2.1942243576049805 ]
(1, 4)
[-5.8513007164001465 6.557009696960449 ]
(2, 0)
[7.998783111572266 -6.475405693054199 60.269229888916016 47.5121955871582 -28.493831634521484 26.957435607910156 18.999372482299805 36.82899475097656 ]
(2, 1)
[37.558040618896484 14.71546459197998 30.685882568359375 23.06075096130371 -3.961358070373535 6.089736461639404 -17.39813232421875 33.97975158691406 ]
(2, 2)
[-12.507891654968262 7.381711959838867 17.017702102661133 -1.333061695098877 ]
(2, 3)
[13.317134857177734 -11.897223472595215 4.880650043487549 -2.9012110233306885 ]
(2, 4)
[-5.507444381713867 5.755382061004639 ]
(3, 0)
[-17.637407302856445 9.307378768920898 22.965017318725586 -2.313000202178955 ]
(3, 1)
[-1.1815028190612793 -11.740222930908203 16.952739715576172 7.274044036865234 ]
(3, 2)
[14.106122016906738 -1.650058388710022 -10.914945602416992 5.638586521148682 ]
(3, 3)
[-6.221831321716309 6.06466007232666 ]
