(8,8)
8 7 4 3 2 1 0 0 
5 4 3 2 1 0 0 0 
3 3 2 2 1 0 0 0 
2 2 2 1 0 0 0 0 
0 0 0 0 0 0 0 0 
0 0 0 0 0 0 0 0 
0 0 0 0 0 0 0 0 
0 0 0 0 0 0 0 0 
(0, 0)
[1032.413818359375 1109.8284912109375 1039.9227294921875 1088.703125 965.3494873046875 1132.9405517578125 1001.7084350585938 1090.2626953125 1028.4964599609375 1104.40625 951.8549194335938 1088.78125 1005.904052734375 1101.130126953125 926.8325805664062 1039.0633544921875 970.5568237304688 1066.189208984375 1015.6358032226562 1025.0506591796875 329.8372802734375 998.9515991210938 879.0779418945312 1012.3308715820312 991.3046875 1046.4195556640625 932.8177490234375 1046.3065185546875 880.5648803710938 1030.2724609375 760.2382202148438 986.426025390625 1115.34716796875 1183.061767578125 1094.2978515625 1157.329345703125 1193.968994140625 1261.1964111328125 1123.0306396484375 1208.0155029296875 1059.1822509765625 1137.8802490234375 1030.892578125 1136.6923828125 1073.986083984375 1141.630126953125 1049.8902587890625 1135.463134765625 1089.8759765625 1142.826171875 1085.62939453125 1110.1944580078125 998.1256713867188 1156.320556640625 1045.5989990234375 1128.9984130859375 1055.2235107421875 1118.9898681640625 1049.4169921875 1137.2479248046875 1028.8428955078125 1108.08935546875 1041.401123046875 1126.2454833984375 982.5203857421875 1067.6641845703125 1009.6422729492188 1047.66748046875 1042.8939208984375 1139.879150390625 1011.3529663085938 1075.7728271484375 1007.4334716796875 1066.119384765625 862.1600952148438 1009.48291015625 1013.512451171875 1099.8592529296875 670.5778198242188 981.3071899414062 1022.51904296875 1053.602294921875 951.9127807617188 901.553955078125 929.7351684570312 1078.97607421875 964.6394653320312 1015.6944580078125 956.2094116210938 1037.8089599609375 531.5650634765625 933.9073486328125 962.8049926757812 1071.2470703125 822.3973999023438 933.3306884765625 1077.014404296875 1156.816650390625 1039.346435546875 1128.3746337890625 1149.6820068359375 1293.17724609375 1090.2022705078125 1188.2650146484375 1103.6417236328125 1165.6790771484375 1026.5 1118.6610107421875 1123.3365478515625 1183.4364013671875 1031.88818359375 1123.5670166015625 1071.6043701171875 1115.6077880859375 1005.3949584960938 1068.2032470703125 1048.606689453125 1152.6751708984375 1055.668701171875 1131.9775390625 1090.324462890625 1144.0643310546875 992.7216796875 1107.8118896484375 1095.28369140625 1161.62548828125 1056.997314453125 1131.7279052734375 1106.0108642578125 1123.0146484375 1104.4979248046875 1147.0556640625 1176.9832763671875 1228.10693359375 1138.42431640625 1197.17919921875 1128.6689453125 1178.9964599609375 1120.449462890625 1319.19189453125 1130.28662109375 1208.1148681640625 1102.0718994140625 1162.4544677734375 1049.8466796875 1088.176025390625 1074.6597900390625 1077.0111083984375 971.4299926757812 1122.64697265625 1024.4764404296875 1087.8673095703125 1063.52978515625 1100.074462890625 1057.570556640625 1127.1641845703125 1047.8240966796875 1124.7027587890625 1018.1846923828125 1087.925537109375 1209.6727294921875 1236.586181640625 1152.1787109375 1228.2086181640625 1890.8282470703125 1692.3897705078125 1302.3270263671875 1536.482666015625 1127.9814453125 1193.9141845703125 1097.823486328125 1199.2567138671875 1241.4710693359375 1266.8994140625 1166.43896484375 1225.889404296875 1114.883544921875 1195.42236328125 1122.4285888671875 1171.851318359375 1191.1119384765625 1394.4586181640625 1113.4190673828125 1220.178955078125 1070.7030029296875 1133.417724609375 1069.6409912109375 1161.9971923828125 1103.9898681640625 1174.3798828125 1099.8853759765625 1146.697998046875 1091.33935546875 1115.0645751953125 1077.5810546875 1114.0172119140625 1140.892333984375 1199.0281982421875 1119.288330078125 1169.3082275390625 1120.20947265625 1151.73974609375 1061.4315185546875 1132.5399169921875 1116.875 1174.68505859375 1034.137451171875 1099.97900390625 1081.3558349609375 1118.1392822265625 1018.1030883789062 1034.5216064453125 1034.8275146484375 1127.3074951171875 1029.0367431640625 1061.8848876953125 1067.8375244140625 1119.429443359375 962.7548828125 1048.91015625 1060.5416259765625 1131.0465087890625 994.8167724609375 1036.7803955078125 1117.7476806640625 1186.94873046875 1088.6453857421875 1192.6363525390625 1265.3765869140625 1360.28466796875 1182.103515625 1439.62744140625 1148.298828125 1226.9837646484375 1083.2235107421875 1171.2554931640625 1182.68505859375 1256.9732666015625 1127.8531494140625 1204.275390625 1095.928466796875 1199.65380859375 1058.4205322265625 1145.150146484375 1090.4884033203125 1203.025634765625 1072.6943359375 1184.1334228515625 1125.0845947265625 1172.355712890625 1066.7025146484375 1147.9854736328125 1112.1044921875 1155.1964111328125 1090.6781005859375 1139.6292724609375 ]
(0, 1)
[11.167993545532227 369.352294921875 307.736572265625 366.99127197265625 -95.44610595703125 306.735107421875 320.1206970214844 376.4587097167969 331.5999450683594 334.21148681640625 359.63995361328125 205.06088256835938 318.0403137207031 154.05108642578125 425.4435119628906 328.9414978027344 336.943359375 425.4499816894531 384.12603759765625 414.90966796875 322.3799133300781 412.5900573730469 408.8519287109375 448.6717224121094 405.5313415527344 415.86688232421875 424.3570556640625 387.6169128417969 406.8742370605469 382.9373779296875 468.8039855957031 406.79547119140625 327.7608947753906 530.3740234375 362.27642822265625 404.9965515136719 319.26953125 426.63677978515625 396.9094543457031 409.8858642578125 406.5610656738281 426.9303894042969 437.3278503417969 376.9905090332031 427.7505798339844 383.8137512207031 662.1061401367188 413.1923522949219 384.1197509765625 446.71112060546875 382.2436828613281 399.4327392578125 388.5392761230469 501.24615478515625 412.56365966796875 442.21319580078125 405.2785949707031 434.9253845214844 426.8121337890625 390.5781555175781 419.27239990234375 425.5088806152344 463.0290832519531 404.98468017578125 298.3672790527344 401.03729248046875 325.10498046875 346.11395263671875 297.6723327636719 382.01116943359375 296.6629333496094 359.5118408203125 372.7439880371094 362.146484375 349.9628601074219 86.12750244140625 394.8123474121094 370.8504333496094 390.6978454589844 328.0573425292969 389.3884582519531 427.6112060546875 391.54876708984375 380.5556640625 382.67791748046875 408.1025695800781 386.56866455078125 386.9688720703125 423.4048767089844 408.14404296875 410.5372314453125 339.8448791503906 414.5921630859375 403.1090393066406 413.3820495605469 365.755859375 247.12716674804688 419.38787841796875 314.2499694824219 370.1051025390625 350.2132873535156 406.3513488769531 277.72265625 350.7977600097656 394.4009704589844 418.64990234375 407.7724914550781 352.2162780761719 417.3722839355469 408.3857727050781 426.1940612792969 367.61077880859375 375.45904541015625 415.1791687011719 356.31829833984375 379.8171691894531 392.5294494628906 426.3028564453125 376.826171875 384.41290283203125 410.3782653808594 414.63134765625 411.8083190917969 364.01531982421875 398.0117492675781 400.5348815917969 400.2259826660156 342.64398193359375 ]
(0, 2)
[145.5579833984375 -90.89334106445312 76.54075622558594 204.77154541015625 246.6529998779297 109.8365707397461 174.738525390625 50.70381546020508 116.77791595458984 68.84745788574219 103.7351303100586 347.9971008300781 95.48748779296875 16.042028427124023 -8.091355323791504 138.36734008789062 ]
(0, 3)
[63.348304748535156 242.55455017089844 134.21066284179688 26.74566078186035 -53.99840545654297 44.278594970703125 -0.6037458777427673 86.23589324951172 ]
(0, 4)
[22.396127700805664 -2.7778232097625732 80.96296691894531 -50.66961669921875 ]
(0, 5)
[-4.2320733070373535 32.10187911987305 ]
(1, 0)
[199.55838012695312 235.6663818359375 264.0169982910156 309.67462158203125 209.4094696044922 261.8622131347656 295.6029052734375 220.1900177001953 -6.857994079589844 152.48683166503906 46.40240478515625 106.79194641113281 -248.2795867919922 165.66439819335938 158.56039428710938 247.71917724609375 83.84984588623047 364.38397216796875 293.8083190917969 337.18927001953125 262.36065673828125 285.23992919921875 508.99444580078125 429.8778076171875 -76.76673889160156 208.6399688720703 187.79586791992188 136.19178771972656 21.271617889404297 183.19473266601562 287.7195129394531 382.5531921386719 ]
(1, 1)
[82.5589599609375 46.976566314697266 119.77112579345703 -25.672204971313477 -97.07931518554688 1.0507758855819702 23.0889835357666 130.09310913085938 69.43589782714844 220.18911743164062 174.2617645263672 140.39830017089844 99.94149017333984 153.52532958984375 96.20106506347656 380.6558837890625 ]
(1, 2)
[18.171855926513672 119.27015686035156 -5.050910472869873 -62.46524429321289 192.1107635498047 56.21732711791992 34.579246520996094 78.22928619384766 ]
(1, 3)
[-2.782785654067993 65.17638397216797 18.78783416748047 -46.00326919555664 ]
(1, 4)
[27.55220603942871 -5.433574199676514 ]
(2, 0)
[254.8177490234375 164.6151885986328 19.949989318847656 56.802860260009766 35.22840118408203 -112.42045593261719 -9.867307662963867 99.81795501708984 ]
(2, 1)
[31.575002670288086 56.750160217285156 186.99032592773438 99.68519592285156 -1.628381609916687 -36.670135498046875 16.990692138671875 -113.15765380859375 ]
(2, 2)
[21.269149780273438 -48.055442810058594 -3.1859207153320312 70.9627456665039 ]
(2, 3)
[65.77851104736328 -41.26496505737305 19.94847297668457 -2.6416544914245605 ]
(2, 4)
[25.537200927734375 -4.089598178863525 ]
(3, 0)
[-4.663852691650391 115.91133117675781 -73.35757446289062 30.530445098876953 ]
(3, 1)
[78.24957275390625 22.892805099487305 -54.39454650878906 -3.929349899291992 ]
(3, 2)
[-2.3898348808288574 64.462646484375 18.300479888916016 -40.619293212890625 ]
(3, 3)
[-4.820591449737549 25.6923885345459 ]
