(8,8)
8 8 5 3 3 2 0 0 
6 5 3 3 2 1 0 0 
3 3 3 2 2 1 0 0 
2 2 2 2 1 0 0 0 
1 1 1 1 0 0 0 0 
0 0 0 0 0 0 0 0 
0 0 0 0 0 0 0 0 
0 0 0 0 0 0 0 0 
(0, 0)
[935.8148803710938 1148.942138671875 885.3736572265625 1556.535888671875 933.387451171875 1112.0592041015625 908.4845581054688 1093.1893310546875 987.705810546875 1143.71142578125 962.8645629882812 1385.1968994140625 952.0133056640625 1056.343017578125 948.9109497070312 1059.708984375 944.8760986328125 1276.0120849609375 871.9147338867188 1070.4400634765625 947.3268432617188 1080.722900390625 920.6207275390625 1023.3972778320312 954.0194702148438 1075.635498046875 908.1393432617188 1023.0931396484375 961.0814819335938 1075.078857421875 938.7123413085938 996.9323120117188 934.0148315429688 1004.571533203125 853.5679321289062 994.9063720703125 878.1249389648438 953.6654052734375 797.0762329101562 932.727294921875 983.9114379882812 1210.4310302734375 890.349609375 1028.9510498046875 911.3805541992188 1026.0313720703125 879.5823364257812 962.7982788085938 933.4699096679688 998.8870239257812 855.5306396484375 918.3655395507812 920.129150390625 965.3522338867188 874.681396484375 923.3529052734375 952.524169921875 1033.0140380859375 900.3421020507812 943.0056762695312 926.0722045898438 997.9005126953125 901.6177368164062 944.8870239257812 900.3761596679688 1021.9816284179688 887.76025390625 1050.7310791015625 897.6420288085938 1007.6854248046875 900.4640502929688 989.275634765625 975.7999267578125 1170.8038330078125 928.2115478515625 1058.6531982421875 946.7949829101562 1042.90625 924.6001586914062 968.8414916992188 877.7431640625 995.4788208007812 838.4080810546875 947.4417724609375 896.8624267578125 992.7664794921875 887.00927734375 964.5702514648438 938.2512817382812 1009.9796142578125 907.6917114257812 958.0393676757812 954.2061157226562 1032.205078125 913.2094116210938 946.6029663085938 891.1656494140625 945.191162109375 858.9727783203125 923.9155883789062 829.1821899414062 935.56298828125 863.0572509765625 906.0321044921875 899.5307006835938 1012.2998657226562 763.3792724609375 918.8041381835938 877.6055297851562 979.92578125 818.0535888671875 869.1683959960938 906.3369750976562 951.5101928710938 868.0850830078125 918.7982788085938 890.7433471679688 957.7369995117188 881.99072265625 930.7740478515625 896.67333984375 956.153564453125 871.2491455078125 906.0197143554688 897.4194946289062 969.7020874023438 888.8965454101562 912.4630126953125 813.679443359375 977.1281127929688 283.99298095703125 955.87255859375 909.2285766601562 1013.946533203125 822.7195434570312 974.789306640625 929.3914794921875 1003.7843627929688 830.997802734375 983.507568359375 954.296142578125 1019.08203125 909.9688720703125 954.0399169921875 898.7232055664062 1020.371826171875 735.2481689453125 939.8399047851562 966.8665771484375 1091.0333251953125 893.8345336914062 989.7991943359375 946.9732666015625 986.9932250976562 860.6676025390625 925.0679321289062 1007.65771484375 1006.3626098632812 931.7245483398438 951.282958984375 887.7859497070312 933.9649047851562 760.0792236328125 894.2496337890625 901.8380737304688 948.2191162109375 865.9002075195312 926.4854736328125 956.2252197265625 1009.3931274414062 862.0293579101562 913.2323608398438 937.185791015625 984.709228515625 877.9639282226562 876.0884399414062 903.5591430664062 952.3886108398438 698.75146484375 880.2926635742188 957.1321411132812 974.8682250976562 894.99365234375 943.36962890625 955.3748779296875 983.0617065429688 868.3676147460938 902.2252807617188 979.4066772460938 972.4917602539062 914.551513671875 922.1528930664062 810.1027221679688 927.4168090820312 777.3995361328125 941.1875 896.3573608398438 966.1068725585938 873.794189453125 942.3602294921875 948.8648071289062 999.5472412109375 902.3495483398438 954.549560546875 955.3628540039062 1001.6548461914062 908.5301513671875 890.89404296875 836.7505493164062 917.8353881835938 610.3646240234375 890.1507568359375 909.5797119140625 958.3464965820312 862.3964233398438 935.197265625 943.22314453125 955.5810546875 883.9345703125 932.5410766601562 985.5602416992188 988.4425659179688 930.03515625 926.1632690429688 849.6443481445312 885.8092041015625 838.9802856445312 878.8993530273438 880.5988159179688 918.1080932617188 873.1981201171875 862.8208618164062 897.6226196289062 929.0225219726562 828.5028686523438 840.906005859375 898.5188598632812 916.77392578125 821.165283203125 501.17431640625 877.401611328125 897.4306030273438 825.87646484375 892.5036010742188 924.4918823242188 924.443603515625 911.9945678710938 915.3412475585938 897.4500732421875 906.5390014648438 860.5257568359375 869.2453002929688 929.8033447265625 929.48876953125 906.178466796875 857.05517578125 ]
(0, 1)
[232.9145050048828 214.4171142578125 239.29957580566406 210.1791534423828 213.05747985839844 175.6577606201172 213.3523712158203 168.67654418945312 233.91160583496094 214.19862365722656 282.0843505859375 225.60989379882812 214.0688018798828 207.59800720214844 222.29661560058594 201.90863037109375 227.69268798828125 218.84429931640625 245.6122283935547 223.42559814453125 222.177001953125 206.96389770507812 226.99566650390625 189.31402587890625 228.58908081054688 220.70968627929688 243.1979217529297 230.4339599609375 222.0049591064453 220.2953338623047 227.80479431152344 213.90882873535156 222.34600830078125 179.85311889648438 225.68885803222656 187.22927856445312 181.5689697265625 -20.714757919311523 207.5706787109375 149.54653930664062 204.57656860351562 146.67127990722656 216.64163208007812 193.7139892578125 179.14474487304688 160.70062255859375 203.02720642089844 168.13951110839844 227.9414520263672 217.30999755859375 250.96917724609375 226.09669494628906 213.08729553222656 187.732177734375 227.67623901367188 203.7074432373047 215.2502899169922 210.8513946533203 223.32777404785156 220.88723754882812 207.04689025878906 209.71702575683594 215.9620361328125 209.69058227539062 232.61273193359375 226.08087158203125 223.3992462158203 206.68496704101562 223.5448760986328 204.5059051513672 204.50509643554688 163.57015991210938 226.9736785888672 222.91824340820312 224.84368896484375 212.66448974609375 219.85855102539062 215.06785583496094 208.2197723388672 198.2024383544922 230.67007446289062 227.32095336914062 235.41094970703125 225.9467010498047 237.20152282714844 226.29251098632812 225.62411499023438 206.68191528320312 225.4783935546875 224.0985107421875 228.09495544433594 222.08477783203125 228.30035400390625 226.99514770507812 221.28431701660156 215.79409790039062 225.04116821289062 220.83668518066406 214.00857543945312 204.7857208251953 212.08779907226562 183.55978393554688 208.2585906982422 183.3345184326172 210.24957275390625 210.2848358154297 208.0574951171875 206.24990844726562 200.85670471191406 200.34146118164062 209.9081573486328 184.8377685546875 230.90457153320312 241.7039794921875 232.17237854003906 236.74652099609375 229.35122680664062 238.09120178222656 227.8544158935547 225.3375244140625 217.79408264160156 231.09165954589844 218.97296142578125 228.22850036621094 218.9781494140625 241.0045928955078 219.47019958496094 222.86703491210938 228.22482299804688 208.54014587402344 213.361083984375 162.11354064941406 205.4458770751953 170.95855712890625 175.9216766357422 6.243561744689941 228.55116271972656 219.65017700195312 232.94140625 209.1343231201172 197.15306091308594 202.73095703125 197.707763671875 166.2196044921875 232.45166015625 220.54721069335938 226.54873657226562 190.32254028320312 225.9053192138672 200.89682006835938 202.1476287841797 49.28343963623047 231.85107421875 229.84664916992188 234.81222534179688 220.0954132080078 223.93511962890625 227.1413116455078 220.032958984375 192.95196533203125 228.53189086914062 198.61061096191406 204.02163696289062 74.27574157714844 207.3833465576172 166.10678100585938 194.28640747070312 94.72093200683594 222.68832397460938 209.18167114257812 215.71334838867188 181.5426788330078 202.55078125 196.16961669921875 196.275146484375 124.14920806884766 241.8470916748047 235.79405212402344 232.38388061523438 202.0356903076172 233.9828643798828 232.78054809570312 221.76998901367188 183.05136108398438 227.89065551757812 232.2528533935547 223.54287719726562 213.74354553222656 228.20065307617188 247.97137451171875 218.51319885253906 205.51683044433594 236.4326629638672 224.1724853515625 209.82884216308594 166.8735809326172 219.0890350341797 183.33297729492188 163.16453552246094 -81.52115631103516 226.78677368164062 224.75888061523438 215.1186981201172 202.21034240722656 208.7925262451172 210.73284912109375 159.110595703125 158.15121459960938 240.14598083496094 234.0377197265625 227.53468322753906 209.0565185546875 239.68785095214844 233.4475555419922 212.58778381347656 159.89039611816406 228.8065643310547 230.4254150390625 225.99917602539062 217.5215606689453 229.41680908203125 248.3285675048828 213.93849182128906 208.552490234375 238.76116943359375 237.5650634765625 212.2952117919922 186.4270782470703 226.770263671875 222.64089965820312 202.47708129882812 154.02230834960938 229.0006103515625 233.7867889404297 217.45167541503906 207.18019104003906 219.10836791992188 234.61192321777344 205.9476318359375 188.39364624023438 268.079345703125 303.65264892578125 234.4777374267578 233.4779510498047 253.39796447753906 339.0978088378906 227.3425750732422 225.65322875976562 237.00039672851562 264.81097412109375 224.4217987060547 229.25376892089844 249.2824249267578 403.0498352050781 224.70513916015625 238.83981323242188 ]
(0, 2)
[94.18014526367188 53.17897415161133 81.78508758544922 31.753799438476562 46.717559814453125 80.22607421875 86.11078643798828 1.1265995502471924 107.52967071533203 119.59821319580078 80.63948822021484 74.5039291381836 99.28954315185547 104.25724792480469 68.1216812133789 15.940388679504395 126.00308990478516 137.0913543701172 76.15339660644531 60.141876220703125 155.65567016601562 137.644775390625 114.77381896972656 66.61253356933594 138.80638122558594 210.03138732910156 -20.924341201782227 76.40422058105469 184.23477172851562 135.31031799316406 71.63923645019531 -61.86687469482422 ]
(0, 3)
[50.97006607055664 83.96237182617188 7.819206714630127 18.580490112304688 -33.61423873901367 7.8564982414245605 31.004671096801758 -3.0324695110321045 ]
(0, 4)
[56.67142105102539 27.54218101501465 -28.110265731811523 77.84671783447266 16.295930862426758 -3.6346523761749268 6.561933994293213 37.80131912231445 ]
(0, 5)
[-3.7407619953155518 22.579345703125 42.693912506103516 8.827330589294434 ]
(1, 0)
[327.2039489746094 296.18597412109375 232.0283660888672 261.8114929199219 297.6111755371094 307.54803466796875 172.3462371826172 229.617919921875 320.6903076171875 300.74188232421875 209.55421447753906 246.27655029296875 320.00982666015625 368.4894104003906 221.89503479003906 277.5506286621094 306.482421875 195.28240966796875 262.3165283203125 265.7358093261719 276.2562255859375 278.7201843261719 124.49177551269531 239.1746826171875 336.9338684082031 291.2142333984375 293.93341064453125 252.9317169189453 308.12579345703125 292.05859375 252.03567504882812 242.11912536621094 380.7569580078125 312.8563232421875 262.527099609375 236.189697265625 298.5599365234375 262.80841064453125 97.90387725830078 -7.844906330108643 412.13092041015625 343.0662841796875 319.9287109375 289.87255859375 352.3050537109375 317.354248046875 257.201416015625 211.00897216796875 346.3506774902344 293.2869873046875 264.4434814453125 260.2870178222656 284.61822509765625 272.72869873046875 66.025634765625 145.36915588378906 430.6753845214844 341.7366943359375 329.0525817871094 270.3457336425781 336.4601745605469 272.8434143066406 222.05276489257812 34.42362976074219 ]
(1, 1)
[158.52313232421875 38.827754974365234 155.5825958251953 95.46131896972656 298.7056884765625 112.68704986572266 195.9683380126953 92.51078796386719 110.97488403320312 82.5314712524414 22.394065856933594 56.152347564697266 150.5944366455078 -46.98047637939453 144.4455108642578 107.65066528320312 103.50779724121094 72.55650329589844 115.00479125976562 1.1965663433074951 187.14541625976562 133.97885131835938 161.28536987304688 139.3249053955078 121.34104919433594 143.53494262695312 125.08511352539062 113.05431365966797 174.31594848632812 139.43577575683594 252.78038024902344 219.4156951904297 ]
(1, 2)
[11.789938926696777 56.428863525390625 115.17325592041016 28.96116065979004 -2.439192533493042 -40.27449417114258 42.89433288574219 78.38724517822266 ]
(1, 3)
[12.208745956420898 -1.9807204008102417 68.83935546875 33.48204040527344 98.10250091552734 -33.58470916748047 22.57432746887207 50.14021301269531 ]
(1, 4)
[7.438014984130859 -5.5586042404174805 20.697681427001953 44.50475311279297 ]
(1, 5)
[10.292169570922852 -4.048388481140137 ]
(2, 0)
[21.86345672607422 196.02085876464844 -4.029200553894043 120.64389038085938 34.57436752319336 71.47180938720703 -60.3182258605957 10.255027770996094 ]
(2, 1)
[-53.826072692871094 -5.518762111663818 51.203643798828125 27.329038619995117 86.08467102050781 7.308089256286621 156.9520721435547 17.00340461730957 ]
(2, 2)
[50.60493087768555 33.5792121887207 76.78255462646484 134.1398468017578 3.5711803436279297 17.537595748901367 -8.419049263000488 -46.4118537902832 ]
(2, 3)
[-5.829889297485352 30.052793502807617 62.092464447021484 9.22651481628418 ]
(2, 4)
[25.70709800720215 10.248588562011719 -4.885006427764893 45.15334701538086 ]
(2, 5)
[24.852645874023438 -0.8634379506111145 ]
(3, 0)
[12.023730278015137 58.24361801147461 -3.7741944789886475 -44.16307067871094 ]
(3, 1)
[-6.957103252410889 26.36577033996582 58.892677307128906 8.074524879455566 ]
(3, 2)
[14.932380676269531 41.29949188232422 2.268467664718628 -11.283034324645996 ]
(3, 3)
[8.956583976745605 51.13640213012695 -5.738987922668457 24.211549758911133 ]
(3, 4)
[24.41133689880371 -1.3365470170974731 ]
(4, 0)
[17.617202758789062 -3.658519744873047 ]
(4, 1)
[18.493982315063477 -2.884009599685669 ]
(4, 2)
[-2.0299761295318604 21.676727294921875 ]
(4, 3)
[-0.9720108509063721 23.4348201751709 ]
