#Epsilon = 0.01
(8,8)
7 5 3 1 0 0 0 0 
3 2 2 0 0 0 0 0 
1 1 1 0 0 0 0 0 
0 0 0 0 0 0 0 0 
0 0 0 0 0 0 0 0 
0 0 0 0 0 0 0 0 
0 0 0 0 0 0 0 0 
0 0 0 0 0 0 0 0 
(0, 0)
[1172.788818359375 698.2741088867188 1244.68115234375 739.04833984375 611.5343017578125 929.0235595703125 709.7849731445312 799.3002319335938 780.0252685546875 549.8191528320312 1123.816162109375 573.60302734375 432.76177978515625 746.7107543945312 885.299560546875 813.2579956054688 710.8756103515625 920.2184448242188 930.840576171875 808.8609619140625 769.01708984375 649.1431884765625 927.2400512695312 962.6840209960938 808.744873046875 1017.649658203125 794.8673095703125 881.5167846679688 980.3256225585938 848.9583129882812 1087.9998779296875 1345.132080078125 887.05322265625 599.4832153320312 799.3567504882812 568.359375 799.675537109375 889.3146362304688 716.76171875 1138.8218994140625 1137.708740234375 923.1804809570312 1001.5779418945312 981.3016967773438 638.606201171875 828.455322265625 1052.76416015625 1359.35693359375 966.8366088867188 872.0321655273438 844.873291015625 287.2659606933594 1179.9952392578125 659.04248046875 894.931884765625 1081.571533203125 805.8307495117188 801.7117309570312 1135.004150390625 862.0740966796875 1255.7359619140625 795.355224609375 1162.077880859375 1343.33154296875 867.238037109375 667.4033203125 1225.5506591796875 906.0262451171875 859.0848999023438 1319.1197509765625 909.7703857421875 1358.9202880859375 635.3154296875 694.8106689453125 931.4005737304688 784.8034057617188 543.2362670898438 718.4915161132812 977.4978637695312 1151.612060546875 778.8472290039062 1044.138671875 1122.1943359375 790.1576538085938 933.4115600585938 1121.36279296875 830.1234741210938 1038.2418212890625 861.3013916015625 790.45166015625 865.7972412109375 1183.1109619140625 787.1535034179688 1121.256103515625 1233.0087890625 1587.3555908203125 954.5234375 827.6735229492188 808.1943359375 1105.6021728515625 1395.3721923828125 1764.98388671875 1169.8421630859375 1402.8895263671875 695.2276611328125 933.0816650390625 795.721435546875 751.8346557617188 760.7606201171875 1342.1929931640625 1197.722412109375 1317.3704833984375 1105.1561279296875 786.3355712890625 1038.9378662109375 814.2318115234375 1414.4521484375 1203.3309326171875 916.4263916015625 923.8582153320312 1216.20751953125 1048.220703125 807.0126342773438 1273.103271484375 1053.9019775390625 1233.7513427734375 791.5167846679688 1470.47119140625 ]
(0, 1)
[355.33270263671875 297.978271484375 65.39398956298828 -113.89667510986328 225.13107299804688 344.4300842285156 207.98484802246094 347.2389221191406 280.15875244140625 183.92529296875 243.71267700195312 204.08058166503906 365.0423278808594 491.048583984375 386.5096130371094 439.68798828125 540.9872436523438 189.9329376220703 281.7430419921875 5.942988395690918 329.6151428222656 246.78431701660156 127.75039672851562 207.05409240722656 266.1188659667969 181.8765869140625 398.111083984375 383.5423583984375 318.00555419921875 307.3324890136719 252.80899047851562 379.33746337890625 ]
(0, 2)
[384.0814514160156 -126.34996032714844 125.31690979003906 -12.86040210723877 176.66015625 71.06290435791016 248.16055297851562 28.661470413208008 ]
(0, 3)
[50.71763610839844 -10.954051971435547 ]
(1, 0)
[138.6585235595703 407.3162841796875 -159.6175537109375 93.19937133789062 191.42706298828125 -27.557527542114258 279.16748046875 25.90028190612793 ]
(1, 1)
[58.04436492919922 -65.30259704589844 3.785369873046875 164.34352111816406 ]
(1, 2)
[-3.495288848876953 -61.244781494140625 37.90272521972656 110.23750305175781 ]
(2, 0)
[-20.044818878173828 80.374755859375 ]
(2, 1)
[-15.056816101074219 43.388404846191406 ]
(2, 2)
[-9.770885467529297 38.68218994140625 ]
