#Epsilon = 0.0
(8,8)
6 4 3 1 0 0 0 0 
3 2 2 0 0 0 0 0 
1 1 1 0 0 0 0 0 
0 0 0 0 0 0 0 0 
0 0 0 0 0 0 0 0 
0 0 0 0 0 0 0 0 
0 0 0 0 0 0 0 0 
0 0 0 0 0 0 0 0 
(0, 0)
[50.49166488647461 1467.2708740234375 1755.706298828125 265.9127197265625 1088.38818359375 1849.138916015625 1970.5428466796875 700.66357421875 1938.28076171875 1685.39501953125 1225.5792236328125 965.7880859375 990.4063110351562 403.55902099609375 1787.8564453125 1032.748291015625 185.56983947753906 941.4182739257812 2010.3231201171875 1720.4666748046875 1425.6839599609375 1182.087646484375 1819.0277099609375 1644.091796875 828.395263671875 918.653564453125 736.8235473632812 370.81451416015625 1050.696044921875 1877.8577880859375 1114.460693359375 1328.286865234375 1068.6907958984375 586.685302734375 235.1455841064453 1013.1653442382812 22.6875 895.2080078125 872.9368286132812 1275.544677734375 163.44564819335938 1146.3026123046875 462.7213134765625 209.80035400390625 552.2413940429688 109.11280822753906 624.6660766601562 301.8501281738281 662.3757934570312 1572.614990234375 769.9310302734375 1505.4886474609375 519.05078125 433.6883850097656 337.0971984863281 851.3114013671875 489.54693603515625 77.48011016845703 138.895263671875 1378.9776611328125 1539.5169677734375 801.13134765625 1908.12060546875 1606.783935546875 ]
(0, 1)
[489.0320129394531 568.1130981445312 -46.79953384399414 119.6808853149414 455.57550048828125 410.9366760253906 683.07373046875 357.620849609375 302.05499267578125 56.4716682434082 613.8158569335938 4.146478176116943 -239.78973388671875 246.42042541503906 533.6336059570312 184.89263916015625 ]
(0, 2)
[229.11416625976562 0.32772883772850037 422.1612854003906 52.77416229248047 132.9483184814453 515.5399780273438 330.50323486328125 -72.80914306640625 ]
(0, 3)
[54.644439697265625 -6.217142581939697 ]
(1, 0)
[133.47744750976562 -196.0034637451172 444.48846435546875 45.4929084777832 237.71546936035156 571.59033203125 344.29608154296875 -15.577107429504395 ]
(1, 1)
[68.18081665039062 -57.30112075805664 3.358637809753418 181.04100036621094 ]
(1, 2)
[-45.45343780517578 1.2732667922973633 45.36155319213867 129.39036560058594 ]
(2, 0)
[74.04977416992188 -11.643959999084473 ]
(2, 1)
[40.9402961730957 -9.252639770507812 ]
(2, 2)
[29.901203155517578 -8.222630500793457 ]
