(8,8)
6 5 3 1 0 0 0 0 
3 2 2 0 0 0 0 0 
1 1 1 0 0 0 0 0 
0 0 0 0 0 0 0 0 
0 0 0 0 0 0 0 0 
0 0 0 0 0 0 0 0 
0 0 0 0 0 0 0 0 
0 0 0 0 0 0 0 0 
(0, 0)
[1153.8751220703125 1118.7557373046875 1183.343017578125 1031.1826171875 1368.3673095703125 1237.97119140625 1524.2305908203125 1105.4146728515625 1263.9173583984375 1095.2479248046875 1170.2412109375 1083.1490478515625 1720.3905029296875 1260.321533203125 1313.7103271484375 943.4443969726562 1006.8394775390625 1069.44384765625 1178.1029052734375 1081.4764404296875 1291.4771728515625 1308.660400390625 1235.160888671875 1129.275146484375 1212.775146484375 1188.7860107421875 1383.026611328125 1185.1663818359375 1353.718505859375 1435.5706787109375 1214.260009765625 1118.2618408203125 1100.744384765625 942.3247680664062 968.5216064453125 273.69879150390625 1264.135009765625 1117.43896484375 1120.3193359375 644.79736328125 1218.1658935546875 969.3610229492188 1164.0042724609375 904.352294921875 1334.633056640625 1152.0235595703125 1177.161865234375 838.043212890625 1137.6993408203125 979.2840576171875 1005.69189453125 512.4315795898438 1326.0550537109375 1133.2095947265625 1078.328857421875 754.3025512695312 1192.3642578125 1046.494140625 1170.7496337890625 971.0701904296875 1199.1527099609375 1157.1446533203125 1020.9063720703125 904.8443603515625 ]
(0, 1)
[26.94123077392578 149.20184326171875 146.17137145996094 216.11447143554688 110.56120300292969 86.49065399169922 172.7884979248047 202.87815856933594 -96.5530776977539 132.8019561767578 50.541324615478516 136.95079040527344 134.2569580078125 151.78782653808594 196.4002685546875 233.63600158691406 121.13763427734375 67.11673736572266 158.01699829101562 253.0879364013672 4.442436695098877 105.8020248413086 219.16246032714844 279.671142578125 134.97283935546875 100.117431640625 215.044189453125 190.7440185546875 134.9351043701172 -20.97087287902832 334.3532409667969 237.66815185546875 ]
(0, 2)
[-0.314399391412735 33.766151428222656 16.939346313476562 111.04264068603516 -24.757625579833984 74.1576156616211 48.87117385864258 -76.7244644165039 ]
(0, 3)
[-2.853695869445801 22.917600631713867 ]
(1, 0)
[45.02784729003906 76.0087890625 245.53126525878906 21.872615814208984 -163.12330627441406 -4.211811065673828 137.17234802246094 -53.31217575073242 ]
(1, 1)
[23.481563568115234 -1.5971283912658691 -54.14695358276367 89.72338104248047 ]
(1, 2)
[-3.0005226135253906 -48.87626266479492 14.132311820983887 56.81938171386719 ]
(2, 0)
[55.15605545043945 -4.3527512550354 ]
(2, 1)
[-3.1156935691833496 38.199195861816406 ]
(2, 2)
[-3.0678741931915283 26.734085083007812 ]
