#Epsilon = 0.01
(8,8)
6 4 3 1 0 0 0 0 
3 2 2 0 0 0 0 0 
1 1 1 0 0 0 0 0 
0 0 0 0 0 0 0 0 
0 0 0 0 0 0 0 0 
0 0 0 0 0 0 0 0 
0 0 0 0 0 0 0 0 
0 0 0 0 0 0 0 0 
(0, 0)
[964.6830444335938 752.3988647460938 808.8355102539062 1230.3023681640625 346.40411376953125 618.788330078125 830.1619873046875 626.983154296875 1273.987060546875 993.4666748046875 713.4948120117188 1121.8240966796875 693.743408203125 830.10888671875 1146.17578125 962.8464965820312 1100.1590576171875 735.9339599609375 673.4805908203125 935.7032470703125 1094.1451416015625 1053.6571044921875 1021.7313842773438 1110.952392578125 1245.57177734375 1191.4827880859375 887.5188598632812 1053.244140625 1149.939697265625 1336.0946044921875 1742.4326171875 1413.8193359375 687.375732421875 1212.7391357421875 990.8176879882812 715.98046875 864.2765502929688 1246.6776123046875 1290.9168701171875 934.3465576171875 1208.9208984375 872.9397583007812 746.3795776367188 856.7242431640625 1250.9434814453125 1107.2855224609375 1522.1474609375 1134.156982421875 603.5750732421875 1014.670166015625 524.3517456054688 744.322509765625 696.3909301757812 1368.9927978515625 894.7899169921875 899.9585571289062 1355.2064208984375 1154.0499267578125 911.4573364257812 921.865234375 968.0384521484375 1191.072021484375 1402.005615234375 809.464111328125 ]
(0, 1)
[263.1136474609375 504.9147644042969 32.36256408691406 230.37698364257812 369.47003173828125 298.380126953125 -49.369468688964844 62.18236541748047 306.169677734375 444.2358093261719 174.06019592285156 403.4361877441406 361.2003479003906 135.27833557128906 354.43817138671875 572.978515625 ]
(0, 2)
[367.32781982421875 166.16323852539062 282.4045104980469 478.20648193359375 208.62527465820312 -10.109054565429688 94.47737121582031 50.70975875854492 ]
(0, 3)
[49.00724792480469 -11.382922172546387 ]
(1, 0)
[373.5448303222656 -55.522029876708984 285.27020263671875 36.473670959472656 193.34620666503906 108.00662231445312 376.71380615234375 490.4798278808594 ]
(1, 1)
[161.5867919921875 54.080650329589844 -91.39403533935547 -5.015301704406738 ]
(1, 2)
[8.514252662658691 123.64763641357422 51.877742767333984 -32.12004470825195 ]
(2, 0)
[82.03772735595703 -19.60628890991211 ]
(2, 1)
[45.98999786376953 -14.157498359680176 ]
(2, 2)
[38.60551071166992 -9.793030738830566 ]
