#Epsilon = 0.01
(8,8)
6 5 3 1 0 0 0 0 
3 2 2 0 0 0 0 0 
1 1 1 0 0 0 0 0 
0 0 0 0 0 0 0 0 
0 0 0 0 0 0 0 0 
0 0 0 0 0 0 0 0 
0 0 0 0 0 0 0 0 
0 0 0 0 0 0 0 0 
(0, 0)
[932.0299682617188 933.693115234375 774.2835693359375 391.5013427734375 909.3699340820312 1044.9361572265625 699.1683349609375 916.7459716796875 895.109619140625 1000.8896484375 874.853515625 883.0260620117188 931.0770874023438 1141.2322998046875 879.3515014648438 1041.5081787109375 1039.3392333984375 1135.3023681640625 957.0642700195312 954.0013427734375 1066.5040283203125 1331.015869140625 961.15234375 1116.2552490234375 1156.0931396484375 1247.50439453125 998.5536499023438 1058.8111572265625 1120.6624755859375 1732.3416748046875 984.8104858398438 1170.473876953125 922.4562377929688 1197.640625 834.4290161132812 925.032470703125 914.9915771484375 1036.590087890625 855.7705078125 1003.7764282226562 576.5335083007812 997.6539916992188 789.1201171875 977.0313720703125 758.7117309570312 1016.4466552734375 877.5632934570312 1090.174072265625 1095.9007568359375 1456.552978515625 992.5772094726562 1074.3800048828125 1070.880126953125 1136.304443359375 974.8829345703125 1026.9932861328125 978.1592407226562 1130.02880859375 947.2914428710938 1051.4642333984375 962.3875732421875 1122.7034912109375 913.2987060546875 1022.7858276367188 ]
(0, 1)
[190.46115112304688 251.23052978515625 65.16606140136719 266.4109802246094 266.0567932128906 373.58941650390625 221.44004821777344 520.578369140625 181.6676788330078 158.36314392089844 124.75235748291016 172.69918823242188 266.1995849609375 296.0944519042969 155.13290405273438 279.0299072265625 40.66664123535156 235.93991088867188 -7.810500621795654 260.30694580078125 199.56143188476562 329.2504577636719 137.14617919921875 429.04168701171875 81.24492645263672 203.8123016357422 80.79388427734375 236.9196319580078 163.49278259277344 232.2483367919922 -159.8946533203125 224.6817626953125 ]
(0, 2)
[-2.566112518310547 35.96232986450195 146.68992614746094 202.41612243652344 74.1971664428711 -86.75727081298828 331.3787841796875 104.52156829833984 ]
(0, 3)
[-11.321455001831055 48.54591751098633 ]
(1, 0)
[126.38263702392578 38.5872802734375 -4.168036460876465 221.98291015625 375.5808410644531 -251.3675079345703 -80.87103271484375 69.95082092285156 ]
(1, 1)
[-96.99111938476562 27.857189178466797 -12.4380464553833 117.627197265625 ]
(1, 2)
[-10.964071273803711 20.933820724487305 -76.16970825195312 81.14507293701172 ]
(2, 0)
[76.30107116699219 -19.971776962280273 ]
(2, 1)
[42.21604537963867 -14.063041687011719 ]
(2, 2)
[35.213050842285156 -11.200117111206055 ]
