(8,8)
8 8 5 3 3 2 0 0 
6 5 3 3 2 1 0 0 
3 3 3 2 2 1 0 0 
2 2 2 2 1 0 0 0 
1 1 1 1 0 0 0 0 
0 0 0 0 0 0 0 0 
0 0 0 0 0 0 0 0 
0 0 0 0 0 0 0 0 
(0, 0)
[965.9876098632812 915.5441284179688 948.3775634765625 941.4658813476562 972.8668823242188 948.19287109375 969.0119018554688 985.1265869140625 968.432373046875 947.3970947265625 972.8275756835938 990.4810791015625 1000.86767578125 1010.4564819335938 999.7149658203125 1064.4232177734375 976.3010864257812 935.6437377929688 998.6287231445312 1008.9534912109375 970.6782836914062 916.3555908203125 995.4729614257812 1036.75927734375 1019.3289184570312 998.6181030273438 1085.22900390625 1093.6513671875 1059.431640625 1071.8798828125 1087.630859375 1397.0150146484375 938.1127319335938 876.642578125 912.1981201171875 860.76220703125 922.3200073242188 883.6728515625 904.6820068359375 908.6650390625 954.1126708984375 916.8563842773438 944.4326782226562 941.2102661132812 931.1884765625 927.576171875 931.7576293945312 967.809326171875 934.3184204101562 909.8374633789062 931.8938598632812 932.5612182617188 929.8983154296875 894.8291625976562 917.82666015625 947.3197631835938 992.3380737304688 954.6466064453125 987.6451416015625 989.221923828125 963.6834716796875 962.011474609375 969.86865234375 1032.5198974609375 916.8776245117188 775.8221435546875 857.005126953125 860.4637451171875 939.3375854492188 848.3309326171875 901.9586181640625 895.8109741210938 982.20849609375 933.8297729492188 946.93798828125 959.35205078125 1020.6503295898438 994.9110107421875 989.6070556640625 1006.1268920898438 932.8460083007812 819.7681274414062 898.4930419921875 872.5377197265625 897.5935668945312 488.0268249511719 897.177734375 854.9652709960938 995.2174072265625 944.2557983398438 970.586181640625 955.8973999023438 1022.52587890625 958.6748046875 1004.6798095703125 1023.1134643554688 893.6258544921875 682.2394409179688 843.900390625 597.5853271484375 935.5164794921875 848.3865966796875 868.4114379882812 834.0636596679688 975.7435302734375 910.3499755859375 948.6505126953125 910.5408325195312 1004.4969482421875 967.1945190429688 964.719482421875 979.002685546875 902.234375 796.1383666992188 838.9852905273438 741.7676391601562 902.8385620117188 810.4058837890625 798.7156372070312 817.5147705078125 992.5332641601562 940.7223510742188 945.7860107421875 918.5804443359375 986.2481689453125 960.983154296875 940.5574951171875 973.0474243164062 1052.22216796875 1007.7990112304688 1016.6174926757812 1037.8572998046875 989.6513061523438 1004.4968872070312 995.5091552734375 1018.0999755859375 1030.1754150390625 1027.0718994140625 1069.2354736328125 1060.2783203125 1000.7885131835938 1037.0255126953125 1008.9868774414062 1039.804931640625 1083.463623046875 1054.05615234375 1101.122802734375 1217.1353759765625 989.2056274414062 990.8109130859375 985.9916381835938 1029.2666015625 1151.2493896484375 1140.6112060546875 1544.5428466796875 1293.767333984375 1055.21533203125 1098.27978515625 1095.0072021484375 1120.8209228515625 1009.6322021484375 959.5525512695312 967.5181884765625 940.1273803710938 979.3676147460938 948.8126831054688 935.8663330078125 937.7988891601562 1010.639404296875 977.574951171875 1005.3833618164062 983.3640747070312 967.3782958984375 953.3824462890625 962.2081909179688 964.228515625 997.5513305664062 977.6469116210938 985.8336791992188 1012.2467651367188 925.9205932617188 918.66845703125 861.0137329101562 939.7175903320312 1115.6944580078125 1025.9813232421875 1099.1898193359375 1059.2808837890625 987.8487548828125 975.7979125976562 967.6785278320312 995.8855590820312 1012.4636840820312 969.6844482421875 950.2545166015625 984.0065307617188 1005.9407958984375 980.2412719726562 933.1210327148438 964.3045043945312 1042.8592529296875 1058.30615234375 991.4532470703125 1034.064697265625 1052.567138671875 1170.350341796875 993.2930297851562 1041.879150390625 1014.962646484375 967.3143310546875 951.0082397460938 987.9609375 959.7630004882812 895.0131225585938 865.9539184570312 919.2000122070312 1071.95751953125 1058.236328125 1050.93701171875 1039.7578125 1016.7378540039062 1050.562255859375 990.8404541015625 1016.9744262695312 965.8439331054688 907.0263671875 913.7982177734375 886.5618896484375 970.9204711914062 933.48779296875 848.6973266601562 900.090576171875 1027.188232421875 1008.326904296875 996.2787475585938 986.5280151367188 1051.3446044921875 1038.300048828125 985.8194580078125 1010.997802734375 960.0816040039062 932.4780883789062 849.0090942382812 913.0107421875 860.4043579101562 883.48486328125 264.67730712890625 820.1399536132812 1053.0609130859375 1018.908935546875 980.7531127929688 983.8280029296875 992.8746948242188 1004.5177612304688 884.3282470703125 977.1355590820312 ]
(0, 1)
[219.60760498046875 217.0648193359375 220.92507934570312 221.66990661621094 226.39576721191406 200.09463500976562 236.898193359375 225.71067810058594 224.2620849609375 223.32537841796875 219.58656311035156 219.34127807617188 222.8762969970703 187.914306640625 235.13290405273438 223.37789916992188 211.0055389404297 213.97885131835938 217.45718383789062 215.20643615722656 218.7109375 205.29689025878906 220.6810302734375 212.63497924804688 218.1666259765625 224.3997802734375 214.47628784179688 220.39952087402344 218.84193420410156 213.6132049560547 224.6954345703125 224.30996704101562 224.96627807617188 220.9654541015625 217.1195526123047 221.0105438232422 211.37368774414062 179.10296630859375 216.58770751953125 210.0042724609375 231.01695251464844 235.30416870117188 217.10227966308594 221.69009399414062 214.66253662109375 204.76760864257812 221.41094970703125 218.34983825683594 211.74472045898438 214.83712768554688 209.328369140625 213.832275390625 193.0136260986328 193.5305633544922 194.12831115722656 195.99005126953125 208.32020568847656 224.84449768066406 180.31613159179688 215.50706481933594 185.72317504882812 203.48468017578125 199.47763061523438 209.11671447753906 226.61404418945312 217.41201782226562 225.4265594482422 223.01573181152344 209.3923797607422 170.59036254882812 220.2774200439453 209.97019958496094 232.97348022460938 209.44528198242188 233.86273193359375 226.0952606201172 189.18527221679688 -8.00179672241211 221.8704833984375 196.1500244140625 214.54209899902344 219.85165405273438 213.3336944580078 209.1446990966797 200.03965759277344 196.4443817138672 197.8026885986328 184.02139282226562 227.50331115722656 232.06163024902344 218.79759216308594 222.3751220703125 204.81187438964844 186.7330780029297 211.01351928710938 210.9352569580078 230.22589111328125 223.75660705566406 225.58297729492188 223.4893035888672 199.8098602294922 147.34434509277344 201.75076293945312 198.68453979492188 245.29132080078125 248.98582458496094 238.58265686035156 233.16494750976562 206.0021514892578 183.7955780029297 218.0668182373047 216.31716918945312 218.7515106201172 226.7105255126953 212.9595489501953 218.1614227294922 192.47000122070312 195.29029846191406 164.1422576904297 183.709716796875 229.05862426757812 260.2164611816406 217.6510772705078 231.58612060546875 194.5362548828125 210.87986755371094 199.53477478027344 213.9052276611328 216.6195068359375 209.6572265625 223.1344757080078 212.08888244628906 214.49522399902344 182.6585693359375 238.56321716308594 215.65260314941406 233.14540100097656 231.81956481933594 227.79881286621094 225.0556182861328 225.98585510253906 209.7111053466797 239.24661254882812 227.0299835205078 208.30088806152344 210.14608764648438 215.54615783691406 210.9123077392578 195.8513641357422 191.81375122070312 208.760498046875 198.3623504638672 227.13894653320312 235.6400146484375 226.4515380859375 227.75198364257812 204.18899536132812 213.06393432617188 222.82777404785156 222.4813232421875 210.916748046875 193.5371551513672 215.45611572265625 208.3203887939453 161.35568237304688 10.282492637634277 198.85430908203125 172.8617401123047 237.86009216308594 245.98550415039062 232.98309326171875 228.87603759765625 192.07888793945312 187.2939453125 221.28921508789062 212.75030517578125 189.6598663330078 195.29518127441406 201.00625610351562 199.2283477783203 71.5565185546875 109.23702239990234 142.34886169433594 128.39041137695312 202.51321411132812 230.42889404296875 214.9206085205078 225.61570739746094 45.36787033081055 177.290283203125 183.26077270507812 198.7273712158203 232.25474548339844 223.9173583984375 230.50686645507812 217.44271850585938 207.72972106933594 195.29714965820312 217.6607666015625 210.6595458984375 268.0398864746094 251.99917602539062 248.26258850097656 233.52345275878906 220.2040557861328 192.8704833984375 229.44387817382812 219.26995849609375 213.91607666015625 217.18040466308594 208.61878967285156 203.24713134765625 178.67137145996094 191.51535034179688 168.37796020507812 183.18788146972656 240.21841430664062 251.2510986328125 229.15187072753906 229.608642578125 211.97283935546875 211.90098571777344 211.49105834960938 214.6430206298828 234.38417053222656 233.2980194091797 226.0901641845703 215.86557006835938 164.72996520996094 166.80697631835938 170.66770935058594 181.18016052246094 304.5765075683594 350.33599853515625 290.2121887207031 253.17735290527344 217.16384887695312 223.06982421875 225.98300170898438 221.2562713623047 207.6898956298828 218.01235961914062 184.1984405517578 197.43763732910156 139.553955078125 169.19366455078125 -65.90459442138672 94.08709716796875 243.3140411376953 279.0628356933594 231.85733032226562 236.90687561035156 183.78045654296875 213.98959350585938 178.2161865234375 201.20799255371094 ]
(0, 2)
[98.25431823730469 8.892528533935547 110.72917175292969 101.42854309082031 76.49696350097656 -8.385180473327637 127.86973571777344 111.77748107910156 110.84390258789062 60.83050537109375 49.467315673828125 95.02062225341797 124.65580749511719 104.38069915771484 160.66375732421875 197.5501708984375 110.543212890625 92.9144058227539 93.16154479980469 137.2830047607422 99.26911926269531 34.20679473876953 120.37445831298828 140.010009765625 142.6276092529297 130.10928344726562 118.43569946289062 181.7036590576172 83.8908462524414 122.91883850097656 138.5400390625 264.49871826171875 ]
(0, 3)
[30.484907150268555 43.93380355834961 66.21199035644531 14.835442543029785 -7.067817687988281 5.900460243225098 22.39148712158203 99.13810729980469 ]
(0, 4)
[108.53155517578125 55.567691802978516 32.177547454833984 44.004798889160156 22.17502784729004 2.319272041320801 11.476871490478516 -10.142659187316895 ]
(0, 5)
[45.4576301574707 -3.6177656650543213 8.904969215393066 22.633907318115234 ]
(1, 0)
[2.322171688079834 178.27476501464844 -90.38832092285156 251.68482971191406 142.82615661621094 281.0502624511719 210.9219207763672 318.6434326171875 238.01197814941406 303.55224609375 250.50267028808594 330.4971618652344 286.4393615722656 360.29840087890625 302.9938659667969 366.51531982421875 117.07244110107422 293.8757019042969 217.4619598388672 333.9175109863281 91.4392318725586 321.2966003417969 270.3460388183594 363.4331970214844 276.06915283203125 373.5116882324219 314.3563537597656 386.8082580566406 318.97021484375 450.54864501953125 348.64764404296875 424.729248046875 224.40707397460938 326.840576171875 253.32809448242188 343.8162841796875 57.71227264404297 298.390625 234.93087768554688 307.5687255859375 266.02166748046875 355.4090881347656 304.6793518066406 371.74176025390625 246.23439025878906 340.88800048828125 228.28634643554688 333.9461975097656 252.5462646484375 350.6143493652344 274.9338684082031 362.2391662597656 227.6397705078125 347.89251708984375 250.15945434570312 345.1453552246094 202.6494903564453 368.3038024902344 326.19085693359375 394.92486572265625 288.03857421875 387.0718994140625 320.8015441894531 375.3104553222656 ]
(1, 1)
[-38.89265823364258 44.250579833984375 118.12555694580078 160.9928741455078 122.4184341430664 148.5223388671875 170.63021850585938 245.56948852539062 89.35023498535156 2.780407190322876 86.46964263916016 129.0482635498047 26.662155151367188 120.9546890258789 148.5245819091797 213.73880004882812 112.13707733154297 103.31672668457031 67.41651916503906 117.25725555419922 131.8917999267578 81.22051239013672 147.41404724121094 186.7512664794922 218.03953552246094 167.86244201660156 164.39697265625 176.30555725097656 153.8736114501953 191.19488525390625 197.35826110839844 275.1707763671875 ]
(1, 2)
[-3.381132125854492 20.15658950805664 34.37602615356445 -36.016666412353516 69.18017578125 7.114437103271484 110.03483581542969 47.46067428588867 ]
(1, 3)
[21.686805725097656 0.2741568684577942 79.98784637451172 12.002143859863281 -16.959796905517578 31.08633041381836 63.12028121948242 45.48116683959961 ]
(1, 4)
[7.889895439147949 48.72726821899414 20.79240608215332 -4.979332447052002 ]
(1, 5)
[-1.5725926160812378 18.19411277770996 ]
(2, 0)
[140.45407104492188 27.046396255493164 10.223637580871582 -8.512065887451172 222.1529541015625 98.85842895507812 74.42461395263672 45.839752197265625 ]
(2, 1)
[43.53236770629883 -4.549915313720703 166.3293914794922 66.05034637451172 21.293113708496094 6.96548318862915 -52.8650016784668 104.79352569580078 ]
(2, 2)
[85.68006896972656 -34.61542510986328 61.91001892089844 12.647269248962402 28.70050811767578 -1.8395076990127563 117.6397705078125 44.480072021484375 ]
(2, 3)
[49.28593063354492 -25.213817596435547 15.912586212158203 -1.2342090606689453 ]
(2, 4)
[10.14818286895752 47.21503829956055 25.464553833007812 -4.7733917236328125 ]
(2, 5)
[24.389162063598633 -0.8405869007110596 ]
(3, 0)
[11.499639511108398 56.01664733886719 -39.79463195800781 -3.4611616134643555 ]
(3, 1)
[59.144676208496094 -6.60313081741333 8.21294116973877 27.982851028442383 ]
(3, 2)
[72.40413665771484 9.201932907104492 -5.5818047523498535 30.78148651123047 ]
(3, 3)
[-5.6257548332214355 8.703669548034668 50.649375915527344 24.251007080078125 ]
(3, 4)
[25.070907592773438 -1.301513910293579 ]
(4, 0)
[-3.923017740249634 17.616430282592773 ]
(4, 1)
[-3.2350473403930664 18.97654151916504 ]
(4, 2)
[21.001773834228516 -2.0964083671569824 ]
(4, 3)
[-1.2467257976531982 24.112834930419922 ]
